INTERSECTION TURNING MOVEMENT COUNT SUMMARY

CLIENT:               HIRSCH/GREEN TRANSPORTATION CONSULTING, INC.
PROJECT:              4100 DEL REY AVENUE - MARINA DEL REY
DATE:                 TUESDAY, APRIL 12, 2011
PERIOD:               07:00 AM TO 10:00 AM
INTERSECTION    N/S   MINDANAO WAY
               E/W    GLENCOE AVENUE
FILE NUMBER:          6-AM


  15 MINUTE      1        2       3          4      5           6          7          8      9      10         11     12
   TOTALS      SBRT      SBTH   SBLT        WBRT   WBTH       WBLT        NBRT       NBTH   NBLT   EBRT       EBTH   EBLT
  0700-0715     14        43      1          0      25          3          4          26     44     32         9      6
  0715-0730     11        50      2          1      31          6          8          55     67     50         13     8
  0730-0745     15        56      2          1      30          5          10         72     85     59         19     13
  0745-0800     17        69      2          1      49          7          16         87     96     59         25     13
  0800-0815     19        68      3          1      39          9          11         69     81     65         20     10
  0815-0830     18        69      3          0      42          7          14         56     70     72         22     15
  0830-0845     19        61      3          0      30          5          16         60     71     80         22     15
  0845-0900     11        76      5          1      21          9          12         72     80     89         27     19
  0900-0915     15        68      4          1      30         14          11         57     71     75         31     11
  0915-0930     19        57      3          1      45         12          19         58     73     65         35     17
  0930-0945     21        50      3          0      37          7          13         55     69     62         32     12
  0945-1000     20        42      3          1      35          8          15         53     67     67         35     10


   1 HOUR        1        2       3          4      5           6          7          8      9      10         11     12
   TOTALS      SBRT      SBTH   SBLT        WBRT   WBTH       WBLT        NBRT       NBTH   NBLT   EBRT       EBTH   EBLT   TOTALS
  0700-0800     57       218      7          3     135         21          38        240    292    200         66     40     1317
  0715-0815     62       243      9          4     149         27          45        283    329    233         77     44     1505
  0730-0830     69       262     10          3     160         28          51        284    332    255         86     51     1591
  0745-0845     73       267     11          2     160         28          57        272    318    276         89     53     1606
  0800-0900     67       274     14          2     132         30          53        257    302    306         91     59     1587
  0815-0915     63       274     15          2     123         35          53        245    292    316        102     60     1580
  0830-0930     64       262     15          3     126         40          58        247    295    309        115     62     1596
  0845-0945     66       251     15          3     133         42          55        242    293    291        125     59     1575
  0900-1000     75       217     13          3     147         41          58        223    280    269        133     50     1509




   A.M. PEAK HOUR                                        73         267         11
      0745-0845


                                      53                                                                  2

                                      89                                                             160
        GLENCOE AVENUE
                                      276                                                                28




                                                        318         272         57


                                                              MINDANAO WAY
INTERSECTION TURNING MOVEMENT COUNT SUMMARY

CLIENT:               HIRSCH/GREEN TRANSPORTATION CONSULTING, INC.
PROJECT:              4100 DEL REY AVENUE - MARINA DEL REY
DATE:                 TUESDAY, APRIL 12, 2011
PERIOD:               03:00 PM TO 06:00 PM
INTERSECTION    N/S   MINDANAO WAY
               E/W    GLENCOE AVENUE
FILE NUMBER:          6-PM


  15 MINUTE      1        2       3          4      5           6          7          8      9      10         11     12
   TOTALS      SBRT      SBTH   SBLT        WBRT   WBTH       WBLT        NBRT       NBTH   NBLT   EBRT       EBTH   EBLT
  0300-0315     20        60      3          3      33         11          13         59     62    115         37     30
  0315-0330     21        57      4          2      35         14          16         49     70     90         32     30
  0330-0345     22        59      3          2      34         14          16         54     68     99         42     27
  0345-0400     15        60      2          2      36         14          13         66     76    101         32     20
  0400-0415     14        54      2          3      29         16          11         51     66    108         46     22
  0415-0430     21        68      1          4      31         17          13         63     76    115         41     28
  0430-0445     21        67      2          2      46         20          16         62     97    138         30     34
  0445-0500     29        70      2          4      41         21          10         61     90    127         41     34
  0500-0515     23        76      1          5      61         28          14         81     81    148         51     30
  0515-0530     21        79      2          3      53         24          9          74     82    140         47     28
  0530-0545     23        83      0          2      41         21          11         73     88    132         42     36
  0545-0600     29        80      0          4      53         23          10         78     93    129         48     29


   1 HOUR        1        2       3          4      5           6          7          8      9      10         11     12
   TOTALS      SBRT      SBTH   SBLT        WBRT   WBTH       WBLT        NBRT       NBTH   NBLT   EBRT       EBTH   EBLT   TOTALS
  0300-0400     78       236     12          9     138         53          58        228    276    405        143    107     1743
  0315-0415     72       230     11          9     134         58          56        220    280    398        152     99     1719
  0330-0430     72       241      8          11    130         61          53        234    286    423        161     97     1777
  0345-0445     71       249      7          11    142         67          53        242    315    462        149    104     1872
  0400-0500     85       259      7          13    147         74          50        237    329    488        158    118     1965
  0415-0515     94       281      6          15    179         86          53        267    344    528        163    126     2142
  0430-0530     94       292      7          14    201         93          49        278    350    553        169    126     2226
  0445-0545     96       308      5          14    196         94          44        289    341    547        181    128     2243
  0500-0600     96       318      3          14    208         96          44        306    344    549        188    123     2289




   P.M. PEAK HOUR                                        96         318          3
      0500-0600


                                      123                                                                14

                                      188                                                            208
        GLENCOE AVENUE
                                      549                                                                96




                                                        344         306         44


                                                              MINDANAO WAY
