INTERSECTION TURNING MOVEMENT COUNT SUMMARY

CLIENT:                 HIRSCH/GREEN TRANSPORTATION CONSULTING, INC.
PROJECT:                4100 DEL REY AVENUE - MARINA DEL REY
DATE:                   THURSDAY, APRIL 14, 2011
PERIOD:                 07:00 AM TO 10:00 AM
INTERSECTION      N/S   GLENCOE AVENUE
                 E/W    MAXELLA AVENUE
FILE NUMBER:            4-AM


  15 MINUTE        1        2       3          4      5            6          7          8      9      10         11     12
   TOTALS        SBRT      SBTH   SBLT        WBRT   WBTH        WBLT        NBRT       NBTH   NBLT   EBRT       EBTH   EBLT
  0700-0715        9        36      4          6      9           10          4          80     14     12         7      15
  0715-0730        9        40      4          9      12          13          7         104     19     16         10     14
  0730-0745       11        60      4          12     19          10          13        118     20     20         16     20
  0745-0800       11        86      3          19     16          15          17        123     18     34         21     29
  0800-0815       11        90      3          12     18          13          13        113     20     24         22     26
  0815-0830       12        86      6          18     24          15          9         105     23     27         17     32
  0830-0845       14        92     11          14     22          16          10        111     33     24         16     38
  0845-0900       13        89      6          19     29          15          13        110     31     30         22     24
  0900-0915       17        82      5          18     24          14          10        107     22     32         28     22
  0915-0930       16        75      3          10     24          17          14         91     28     37         22     23
  0930-0945       14        76      2          18     21          13          16        108     27     35         18     30
  0945-1000        9        69      3          10     16          11          13         99     28     29         15     24


   1 HOUR          1        2       3          4      5            6          7          8      9      10         11     12
   TOTALS        SBRT      SBTH   SBLT        WBRT   WBTH        WBLT        NBRT       NBTH   NBLT   EBRT       EBTH   EBLT   TOTALS
  0700-0800       40       222     15          46     56          48          41        425     71     82         54     78     1178
  0715-0815       42       276     14          52     65          51          50        458     77     94         69     89     1337
  0730-0830       45       322     16          61     77          53          52        459     81    105         76    107     1454
  0745-0845       48       354     23          63     80          59          49        452     94    109         76    125     1532
  0800-0900       50       357     26          63     93          59          45        439    107    105         77    120     1541
  0815-0915       56       349     28          69     99          60          42        433    109    113         83    116     1557
  0830-0930       60       338     25          61     99          62          47        419    114    123         88    107     1543
  0845-0945       60       322     16          65     98          59          53        416    108    134         90     99     1520
  0900-1000       56       302     13          56     85          55          53        405    105    133         83     99     1445




   A.M. PEAK HOUR                                          56          349         28
      0815-0915


                                        116                                                                 69

                                        83                                                                  99
          MAXELLA AVENUE
                                        113                                                                 60




                                                          109          433         42


                                                                GLENCOE AVENUE
INTERSECTION TURNING MOVEMENT COUNT SUMMARY

CLIENT:                 HIRSCH/GREEN TRANSPORTATION CONSULTING, INC.
PROJECT:                4100 DEL REY AVENUE - MARINA DEL REY
DATE:                   THURSDAY, APRIL 14, 2011
PERIOD:                 03:00 PM TO 06:00 PM
INTERSECTION      N/S   GLENCOE AVENUE
                 E/W    MAXELLA AVENUE
FILE NUMBER:            4-PM


  15 MINUTE        1        2       3          4      5            6          7          8      9      10         11     12
   TOTALS        SBRT      SBTH   SBLT        WBRT   WBTH        WBLT        NBRT       NBTH   NBLT   EBRT       EBTH   EBLT
  0300-0315       22       122     18          9      19          11          8          88     18     34         12     25
  0315-0330       25       129     24          10     24          14          10         95     21     38         14     29
  0330-0345       28       132     22          14     27          17          12        112     29     40         16     32
  0345-0400       32       140     25          15     30          15          14        114     32     44         18     35
  0400-0415       30       144     24          19     36          19          15        108     30     46         27     34
  0415-0430       49       122     36          19     43          24          21        119     33     49         32     55
  0430-0445       31       158     21          18     44          25          25        134     31     54         55     37
  0445-0500       31       135     20          15     38          32          20        133     34     45         54     40
  0500-0515       23       147     21          11     43          28          21        134     25     41         47     38
  0515-0530       27       172     22          14     50          39          24        148     31     48         43     53
  0530-0545       32       167     25          14     52          38          20        130     27     41         34     44
  0545-0600       22       171     20          9      56          39          17        139     24     37         40     36


   1 HOUR          1        2       3          4      5            6          7          8      9      10         11     12
   TOTALS        SBRT      SBTH   SBLT        WBRT   WBTH        WBLT        NBRT       NBTH   NBLT   EBRT       EBTH   EBLT   TOTALS
  0300-0400       107      523     89          48    100          57          44        409    100    156         60    121     1814
  0315-0415       115      545     95          58    117          65          51        429    112    168         75    130     1960
  0330-0430       139      538     107         67    136          75          62        453    124    179         93    156     2129
  0345-0445       142      564     106         71    153          83          75        475    126    193        132    161     2281
  0400-0500       141      559     101         71    161          100         81        494    128    194        168    166     2364
  0415-0515       134      562     98          63    168          109         87        520    123    189        188    170     2411
  0430-0530       112      612     84          58    175          124         90        549    121    188        199    168     2480
  0445-0545       113      621     88          54    183          137         85        545    117    175        178    175     2471
  0500-0600       104      657     88          48    201          144         82        551    107    167        164    171     2484




   P.M. PEAK HOUR                                         104          657         88
      0500-0600


                                        171                                                                 48

                                        164                                                             201
          MAXELLA AVENUE
                                        167                                                             144




                                                          107          551         82


                                                                GLENCOE AVENUE
