    CONFIDENTIAL SETTLEMENT COMMUNICATION (SEE ATTACHED DISCLAIMER)

WILTEC                                                                                   Phone: (626) 564-1944    Fax: (626) 564-0969
INTERSECTION TURNING MOVEMENT COUNT SUMMARY

CLIENT:                             GIBSON TRANSPORTATION
PROJECT:                            LOS ANGELES TRAFFIC COUNTS
DATE:                               TUESDAY, FEBRUARY 24, 2009
PERIOD:                             7:00 AM TO 10:00 AM
INTERSECTION:            N/S        LINCOLN BOULEVARD
                         E/W        ROSE AVENUE

15 MIN COUNTS
                    1           2         3      4       5       6         7        8      9      10        11         12
PERIOD           SBRT       SBTH       SBLT   WBRT    WBTH    WBLT      NBRT    NBTH    NBLT    EBRT      EBTH       EBLT    TOTAL
700-715            19         142         5     28      39       9         1      377     20      19        29         37       725
715-730            21         214         9     35      44       6         2      426     18      21        32         42       870
730-745            23         215        18     40      50       7         4      448     16      27        59         56       963
745-800            39         250        15     36      82      15         5      403     15      31        61         50      1002
800-815            28         244        25     50      81      13         4      442     27      27        85         41      1067
815-830            36         277        26     53      55      12         5      388     24      35        59         42      1012
830-845            32         278        20     35      68      10         2      374     36      34        64         57      1010
845-900            30         228        18     40      74      15         6      363     26      25        62         45       932
900-915            28         255        14     36      87      15         6      380     29      28        67         47       992
915-930            32         274        16     23      72      11         7      355     29      32        55         44       950
930-945            36         265        19     28      74      18         6      346     32      29        46         44       943
945-1000           26         263        13     28      55      13        15      298     15      34        59         45       864
HOUR TOTALS
                     1          2         3       4       5      6         7        8      9       10        11        12
TIME             SBRT       SBTH       SBLT   WBRT    WBTH    WBLT      NBRT    NBTH    NBLT    EBRT      EBTH       EBLT    TOTAL
700-800            102        821        47     139     215     37        12     1654     69       98       181       185      3560
715-815            111        923        67     161     257     41        15     1719     76      106       237       189      3902
730-830            126        986        84     179     268     47        18     1681     82      120       264       189      4044
745-845            135       1049        86     174     286     50        16     1607    102      127       269       190      4091
800-900            126       1027        89     178     278     50        17     1567    113      121       270       185      4021
815-815            126       1038        78     164     284     52        19     1505    115      122       252       191      3946
830-930            122       1035        68     134     301     51        21     1472    120      119       248       193      3884
845-945            126       1022        67     127     307     59        25     1444    116      114       230       180      3817
900-1000           122       1057        62     115     288     57        34     1379    105      123       227       180      3749




           A.M. PEAK HOUR
                745-845                                                        174

                                      135     1049    86                       286

                                                                                50



                                      190

ROSE AVENUE                           269                     102      1607     16

                                      127

                                                                 LINCOLN BOULEVARD
    CONFIDENTIAL SETTLEMENT COMMUNICATION (SEE ATTACHED DISCLAIMER)

WILTEC                                                                                  Phone: (626) 564-1944    Fax: (626) 564-0969
INTERSECTION TURNING MOVEMENT COUNT SUMMARY

CLIENT:                            GIBSON TRANSPORTATION
PROJECT:                           LOS ANGELES TRAFFIC COUNTS
DATE:                              TUESDAY, FEBRUARY 24, 2009
PERIOD:                            3:00 PM TO 6:00 PM
INTERSECTION:           N/S        LINCOLN BOULEVARD
                        E/W        ROSE AVENUE

15 MIN COUNTS
                   1           2         3      4      5       6          7        8      9      10         11        12
PERIOD          SBRT       SBTH       SBLT   WBRT   WBTH    WBLT       NBRT    NBTH    NBLT    EBRT      EBTH       EBLT    TOTAL
300-315           27         361        16     21     46      16         15      308     33      47         82        60      1032
315-330           33         321        31     28     47      14          6      315     25      43         78        44       985
330-345           38         354        31     26     55      27         16      339     29      49         82        70      1116
345-400           35         354        25     15     58      14          6      317     22      32         91        44      1013
400-415           30         347        20     27     65      13          8      362     26      41        113        69      1121
415-430           37         350        22     20     49      12          4      318     20      39         92        35       998
430-445           31         341        21     24     53      16         13      326     20      30         99        40      1014
445-500           44         357        25     13     45      19          9      345     24      38         83        36      1038
500-515           41         327        27     15     75      10         15      384     28      41        113        52      1128
515-530           48         308        25     23     59      15          9      349     26      52        125        42      1081
530-545           41         362        24     24     64      18         10      337     33      29         96        31      1069
545-600           34         328        28     28     48      19          7      334     23      34        100        46      1029
HOUR TOTALS
                    1          2         3      4       5      6          7        8      9       10        11        12
TIME            SBRT       SBTH       SBLT   WBRT   WBTH    WBLT       NBRT    NBTH    NBLT    EBRT      EBTH       EBLT    TOTAL
300-400           133       1390       103     90     206     71         43     1279    109      171       333       218      4146
315-415           136       1376       107     96     225     68         36     1333    102      165       364       227      4235
330-430           140       1405        98     88     227     66         34     1336     97      161       378       218      4248
345-445           133       1392        88     86     225     55         31     1323     88      142       395       188      4146
400-500           142       1395        88     84     212     60         34     1351     90      148       387       180      4171
415-515           153       1375        95     72     222     57         41     1373     92      148       387       163      4178
430-530           164       1333        98     75     232     60         46     1404     98      161       420       170      4261
445-545           174       1354       101     75     243     62         43     1415    111      160       417       161      4316
500-600           164       1325       104     90     246     62         41     1404    110      156       434       171      4307




          P.M. PEAK HOUR
               445-545                                                         75

                                     174     1354   101                       243

                                                                               62



                                     161

ROSE AVENUE                          417                    111       1415     43

                                     160

                                                                LINCOLN BOULEVARD
