    CONFIDENTIAL SETTLEMENT COMMUNICATION (SEE ATTACHED DISCLAIMER)

WILTEC                                                                                 Phone: (626) 564-1944    Fax: (626) 564-0969
INTERSECTION TURNING MOVEMENT COUNT SUMMARY

CLIENT:                             GIBSON TRANSPORTATION
PROJECT:                            LOS ANGELES TRAFFIC COUNTS
DATE:                               WEDNESDAY, FEBRUARY 25, 2009
PERIOD:                             7:00 AM TO 10:00 AM
INTERSECTION:           N/S         LINCOLN BOULEVARD
                        E/W         VENICE BOULEVARD

15 MIN COUNTS
                    1           2         3      4        5      6       7        8      9      10         11        12
PERIOD           SBRT       SBTH       SBLT   WBRT    WBTH    WBLT    NBRT    NBTH    NBLT    EBRT      EBTH       EBLT    TOTAL
700-715             4         138        25     31       85     40      29      377     26      15        120        16       906
715-730             4         184        33     55      103     48      27      431     27      16        145        16      1089
730-745             4         216        35     52      122     74      44      402     21      22        188        26      1206
745-800             7         244        46     60      153     78      39      411     24      25        196        21      1304
800-815             5         260        50     86      143     86      37      381     31      28        228        24      1359
815-830            12         243        35     63      143     49      44      366     39      30        226        20      1270
830-845            11         273        52     93      143     55      28      366     32      36        207        14      1310
845-900            11         297        40     68      154     57      36      368     34      48        188        23      1324
900-915            15         256        51     68      171     51      31      374     47      32        199        32      1327
915-930            10         251        28     70      157     36      45      363     29      32        187        30      1238
930-945            17         249        35     71      138     42      40      354     33      31        175        21      1206
945-1000           19         257        41     76      159     45      35      348     43      39        170        33      1265
HOUR TOTALS
                    1           2         3       4       5      6        7       8      9       10        11        12
TIME             SBRT       SBTH       SBLT   WBRT    WBTH    WBLT    NBRT    NBTH    NBLT    EBRT      EBTH       EBLT    TOTAL
700-800            19         782       139     198     463    240      139    1621     98       78       649        79      4505
715-815            20         904       164     253     521    286      147    1625    103       91       757        87      4958
730-830            28         963       166     261     561    287      164    1560    115      105       838        91      5139
745-845            35        1020       183     302     582    268      148    1524    126      119       857        79      5243
800-900            39        1073       177     310     583    247      145    1481    136      142       849        81      5263
815-815            49        1069       178     292     611    212      139    1474    152      146       820        89      5231
830-930            47        1077       171     299     625    199      140    1471    142      148       781        99      5199
845-945            53        1053       154     277     620    186      152    1459    143      143       749       106      5095
900-1000           61        1013       155     285     625    174      151    1439    152      134       731       116      5036




           A.M. PEAK HOUR
                800-900                                                       310

                                      39      1073    177                     583

                                                                              247



                                      81

VENICE BOULEVARD                      849                     136    1481     145

                                      142

                                                               LINCOLN BOULEVARD
    CONFIDENTIAL SETTLEMENT COMMUNICATION (SEE ATTACHED DISCLAIMER)

WILTEC                                                                                Phone: (626) 564-1944    Fax: (626) 564-0969
INTERSECTION TURNING MOVEMENT COUNT SUMMARY

CLIENT:                            GIBSON TRANSPORTATION
PROJECT:                           LOS ANGELES TRAFFIC COUNTS
DATE:                              WEDNESDAY, FEBRUARY 25, 2009
PERIOD:                            3:00 PM TO 6:00 PM
INTERSECTION:          N/S         LINCOLN BOULEVARD
                       E/W         VENICE BOULEVARD

15 MIN COUNTS
                   1           2         3      4        5      6       7        8      9      10         11        12
PERIOD          SBRT       SBTH       SBLT   WBRT    WBTH    WBLT    NBRT    NBTH    NBLT    EBRT      EBTH       EBLT    TOTAL
300-315           19         248        46     67      174     81      40      293     52      62        187        38      1307
315-330           16         282        38     52      142     75      44      249     42      47        207        41      1235
330-345           16         330        40     57      150     61      76      258     54      49        197        30      1318
345-400           20         318        40     72      160     48      71      326     58      45        209        26      1393
400-415           16         315        47     57      169     68      46      330     38      60        197        25      1368
415-430           10         275        36     48      145     73      43      334     53      60        196        24      1297
430-445           19         309        39     61      148     68      32      315     43      58        175        31      1298
445-500           15         298        49     50      137     42      40      336     51      56        176        22      1272
500-515           18         353        46     49      138     74      46      321     56      66        207        34      1408
515-530           10         303        38     53      159     87      36      316     50      63        199        27      1341
530-545           18         299        54     44      171     76      35      310     38      57        203        34      1339
545-600           17         303        51     56      179     75      42      306     44      43        226        27      1369
HOUR TOTALS
                   1           2         3       4       5      6        7       8      9       10        11        12
TIME            SBRT       SBTH       SBLT   WBRT    WBTH    WBLT    NBRT    NBTH    NBLT    EBRT      EBTH       EBLT    TOTAL
300-400           71        1178       164     248     626    265      231    1126    206      203       800       135      5253
315-415           68        1245       165     238     621    252      237    1163    192      201       810       122      5314
330-430           62        1238       163     234     624    250      236    1248    203      214       799       105      5376
345-445           65        1217       162     238     622    257      192    1305    192      223       777       106      5356
400-500           60        1197       171     216     599    251      161    1315    185      234       744       102      5235
415-515           62        1235       170     208     568    257      161    1306    203      240       754       111      5275
430-530           62        1263       172     213     582    271      154    1288    200      243       757       114      5319
445-545           61        1253       187     196     605    279      157    1283    195      242       785       117      5360
500-600           63        1258       189     202     647    312      159    1253    188      229       835       122      5457




          P.M. PEAK HOUR
               500-600                                                       202

                                     63      1258    189                     647

                                                                             312



                                     122

VENICE BOULEVARD                     835                     188    1253     159

                                     229

                                                              LINCOLN BOULEVARD
