INTERSECTION TURNING MOVEMENT COUNT SUMMARY

CLIENT:                      CRAIN & ASSOCIATES, INC.
PROJECT:                     DODGER STADIUM - LOS ANGELES
DATE:                        FRIDAY, SEPTEMBER 18, 2009
PERIOD:                      04:00 PM TO 07:00 PM (DODGER GAME DAY)
INTERSECTION:     N/S        HILL STREET
                  E/W        COLLEGE STREET
FILE NUMBER:                  13-PM


  15 MINUTE        1            2          3          4          5          6          7          8          9          10         11         12
   TOTALS        SBRT         SBTH        SBLT       WBRT       WBTH       WBLT       NBRT       NBTH       NBLT       EBRT       EBTH       EBLT


  0400-0415             17          292         28        29         79         11         29         275        13          11         60         27
  0415-0430             18          303         22        34         79         11         24         266        12           7         62         28
  0430-0445             15          305         31        21         72         12         30         304        11          10         71         37
  0445-0500             14          242         23        37         55           9        23         292        13           8         58         31
  0500-0515             18          247         28        36         69           8        37         284          9         10         54         34
  0515-0530             19          289         28        35         62         10         26         314        11          10         63         43
  0530-0545             10          201         21        36         74           5        26         313          7         10         63         49
  0545-0600             11          175         23        40         60           7        35         311          8         12         79         41
  0600-0615             17          143         26        47         94         11         21         336        14           7         58         38
  0615-0630             15          145         25        45         99           8        15         318        17           7         70         30
  0630-0645             10          100         21        31         107          8        10         252        13           8         57         31
  0645-0700             9           100         19        22         115          5        13         292        19           6         42         27


   1 HOUR          1            2          3          4          5          6          7          8          9          10         11         12
   TOTALS        SBRT         SBTH        SBLT       WBRT       WBTH       WBLT       NBRT       NBTH       NBLT       EBRT       EBTH       EBLT       TOTALS


  0400-0500             64      1142           104        121        285        43         106    1137           49          36     251        123        3461
  0415-0515             65      1097           104        128        275        40         114    1146           45          35     245        130        3424
  0430-0530             66      1083           110        129        258        39         116    1194           44          38     246        145        3468
  0445-0545             61          979        100        144        260        32         112    1203           40          38     238        157        3364
  0500-0600             58          912        100        147        265        30         124    1222           35          42     259        167        3361
  0515-0615             57          808         98        158        290        33         108    1274           40          39     263        171        3339
  0530-0630             53          664         95        168        327        31         97     1278           46          36     270        158        3223
  0545-0645             53          563         95        163        360        34         81     1217           52          34     264        140        3056
  0600-0700             51          488         91        145        415        32         59     1198           63          28     227        126        2923

   P.M. PEAK HOUR                                                    66     1083           110
      0430-0530


                                          145                                                                          129

                                          246                                                                          258
          COLLEGE STREET
                                           38                                                                           39




                                                                     44     1194           116


                                                                           HILL STREET

   THE TRAFFIC SOLUTION
   329 DIAMOND STREET
   ARCADIA, CALIFORNIA 91006
   626.446.7978
