INTERSECTION TURNING MOVEMENT COUNT SUMMARY

CLIENT:                      CRAIN & ASSOCIATES, INC.
PROJECT:                     DODGER STADIUM - LOS ANGELES
DATE:                        FRIDAY, SEPTEMBER 18, 2009
PERIOD:                      04:00 PM TO 07:00 PM (DODGER GAME DAY)
INTERSECTION:     N/S        BROADWAY
                  E/W        COLLEGE STREET
FILE NUMBER:                  16-PM


  15 MINUTE        1            2          3          4          5          6          7          8          9         10         11         12
   TOTALS        SBRT         SBTH        SBLT       WBRT       WBTH       WBLT       NBRT       NBTH       NBLT      EBRT       EBTH       EBLT


  0400-0415             20          111         27        27         71           8          8        197        14         20         95         14
  0415-0430             35          113         26        28         77         10         10         221        10         18         86         18
  0430-0445             35          117         20        36         68         10         16         250        13         24         65         26
  0445-0500             35          108         20        27         73         10         19         281        16         17         82         21
  0500-0515             23          109         18        32         70         11         15         262        13         19         69         26
  0515-0530             26          120         19        48         73           6        15         301        14         12         72         30
  0530-0545             29          105         17        59         71         10         18         276        17         20         69         33
  0545-0600             24          106         18        69         79         12         13         249        21         24         82         49
  0600-0615             23          123         11        70         115        14         10         251        25         22         63         33
  0615-0630             22          115         16        54         100        10         15         289        25         16         51         22
  0630-0645             25          109         12        44         102        10         19         280        23         13         58         21
  0645-0700             23          104          9        47         108        11         17         248        20         10         62         18


   1 HOUR          1            2          3          4          5          6          7          8          9         10         11         12
   TOTALS        SBRT         SBTH        SBLT       WBRT       WBTH       WBLT       NBRT       NBTH       NBLT      EBRT       EBTH       EBLT       TOTALS


  0400-0500            125          449         93        118        289        38         53         949        53         79     328            79     2653
  0415-0515            128          447         84        123        288        41         60     1014           52         78     302            91     2708
  0430-0530            119          454         77        143        284        37         65     1094           56         72     288        103        2792
  0445-0545            113          442         74        166        287        37         67     1120           60         68     292        110        2836
  0500-0600            102          440         72        208        293        39         61     1088           65         75     292        138        2873
  0515-0615            102          454         65        246        338        42         56     1077           77         78     286        145        2966
  0530-0630             98          449         62        252        365        46         56     1065           88         82     265        137        2965
  0545-0645             94          453         57        237        396        46         57     1069           94         75     254        125        2957
  0600-0700             93          451         48        215        425        45         61     1068           93         61     234            94     2888

   P.M. PEAK HOUR                                                    102        454        65
      0515-0615


                                          145                                                                         246

                                          286                                                                         338
          COLLEGE STREET
                                           78                                                                          42




                                                                     77     1077           56


                                                                            BROADWAY

   THE TRAFFIC SOLUTION
   329 DIAMOND STREET
   ARCADIA, CALIFORNIA 91006
   626.446.7978
