INTERSECTION TURNING MOVEMENT COUNT SUMMARY

CLIENT:                    CRAIN & ASSOCIATES
PROJECT:                   MILLENIUM PROJECT - HOLLYWOOD
DATE:                      TUESDAY, APRIL 26, 2011
PERIOD:                    07:00 AM TO 10:00 AM
INTERSECTION:   N/S        BEACHWOOD DRIVE
                E/W        FRANKLIN AVENUE
FILE NUMBER:                4-AM


  15 MINUTE      1            2         3          4          5          6          7          8          9          10         11         12
   TOTALS       SBRT        SBTH       SBLT       WBRT       WBTH       WBLT       NBRT       NBTH       NBLT       EBRT       EBTH       EBLT


  0700-0715           31           0        22           8        200          1          8          9          1          2         92         13
  0715-0730           34           0        34         11         294          0          9          8          0          0     131            13
  0730-0745           49           0        30         19         303          1          7          5          3          1     166            20
  0745-0800           46           0        37         15         358          2        13           4          2          3     170            27
  0800-0815           57           0        42         22         338          1          9          5          3          0     170            24
  0815-0830           61           0        65         24         335          1          5          7          2          0     152            20
  0830-0845           50           0        40         21         313          0          3        10           3          1     171            26
  0845-0900           65           0        55         28         334          1          6          9          3          3     179            25
  0900-0915           64           0        44         36         339          2          4          6          0          0     163            39
  0915-0930           63           0        52         27         305          2          4          8          3          1     151            28
  0930-0945           66           0        40         32         300          0          3        11           1          0     148            35
  0945-1000           79           0        48         29         274          1          4          7          1          0     163            41


   1 HOUR        1            2         3          4          5          6          7          8          9          10         11         12
   TOTALS       SBRT        SBTH       SBLT       WBRT       WBTH       WBLT       NBRT       NBTH       NBLT       EBRT       EBTH       EBLT       TOTALS


  0700-0800          160           0        123        53     1155             4        37         26           6          6     559            73     2202
  0715-0815          186           0        143        67     1293             4        38         22           8          4     637            84     2486
  0730-0830          213           0        174        80     1334             5        34         21         10           4     658            91     2624
  0745-0845          214           0        184        82     1344             4        30         26         10           4     663            97     2658
  0800-0900          233           0        202        95     1320             3        23         31         11           4     672            95     2689
  0815-0915          240           0        204        109    1321             4        18         32           8          4     665        110        2715
  0830-0930          242           0        191        112    1291             5        17         33           9          5     664        118        2687
  0845-0945          258           0        191        123    1278             5        17         34           7          4     641        127        2685
  0900-1000          272           0        184        124    1218             5        15         32           5          1     625        143        2624

   A.M. PEAK HOUR                                                 240          0        204
      0815-0915


                                            110                                                                       109

                                            665                                                                      1321
        FRANKLIN AVENUE
                                              4                                                                            4




                                                                    8        32         18


                                                                    BEACHWOOD DRIVE
INTERSECTION TURNING MOVEMENT COUNT SUMMARY

CLIENT:                    CRAIN & ASSOCIATES
PROJECT:                   MILLENIUM PROJECT - HOLLYWOOD
DATE:                      TUESDAY, APRIL 26, 2011
PERIOD:                    03:00 PM TO 06:00 PM
INTERSECTION:   N/S        BEACHWOOD DRIVE
                E/W        FRANKLIN AVENUE
FILE NUMBER:                4-PM


  15 MINUTE      1            2         3          4          5          6          7          8          9          10         11      12
   TOTALS       SBRT        SBTH       SBLT       WBRT       WBTH       WBLT       NBRT       NBTH       NBLT       EBRT       EBTH    EBLT


  0300-0315           59           0        31         47         266          2          4          5          5          2     264         47
  0315-0330           51           0        45         32         267          3          6          6          4          1     274         48
  0330-0345           53           0        28         43         214          0          9        11           5          1     282         58
  0345-0400           61           0        36         36         218          1          8          9          5          1     291         58
  0400-0415           44           0        48         40         239          2          8          8          4          2     311         62
  0415-0430           47           0        41         38         214          0          7        10           5          2     304         56
  0430-0445           55           0        31         38         224          1          7        10           5          2     290         49
  0445-0500           45           0        41         53         242          3          8        13           6          2     288         56
  0500-0515           51           0        39         35         230          1        10         11           7          1     311         62
  0515-0530           45           0        36         48         238          1        11         15           5          3     322         75
  0530-0545           41           0        46         42         226          1          9        12           4          1     333         66
  0545-0600           45           0        31         44         205          0        12         16           7          2     316         68


   1 HOUR        1            2         3          4          5          6          7          8          9          10         11      12
   TOTALS       SBRT        SBTH       SBLT       WBRT       WBTH       WBLT       NBRT       NBTH       NBLT       EBRT       EBTH    EBLT       TOTALS


  0300-0400          224           0        140        158        965          6        27         31         19           5    1111     211        2897
  0315-0415          209           0        157        151        938          6        31         34         18           5    1158     226        2933
  0330-0430          205           0        153        157        885          3        32         38         19           6    1188     234        2920
  0345-0445          207           0        156        152        895          4        30         37         19           7    1196     225        2928
  0400-0500          191           0        161        169        919          6        30         41         20           8    1193     223        2961
  0415-0515          198           0        152        164        910          5        32         44         23           7    1193     223        2951
  0430-0530          196           0        147        174        934          6        36         49         23           8    1211     242        3026
  0445-0545          182           0        162        178        936          6        38         51         22           7    1254     259        3095
  0500-0600          182           0        152        169        899          3        42         54         23           7    1282     271        3084

   P.M. PEAK HOUR                                                 182          0        162
      0445-0545


                                            259                                                                       178

                                        1254                                                                          936
        FRANKLIN AVENUE
                                              7                                                                            6




                                                                  22         51         38


                                                                    BEACHWOOD DRIVE
