INTERSECTION TURNING MOVEMENT COUNT SUMMARY

CLIENT:                    CRAIN & ASSOCIATES
PROJECT:                   MILLENIUM PROJECT - HOLLYWOOD
DATE:                      THURSDAY, APRIL 28, 2011
PERIOD:                    07:00 AM TO 10:00 AM
INTERSECTION:   N/S        VINE STREET
                E/W        HOLLYWOOD BOULEVARD
FILE NUMBER:                12-AM


  15 MINUTE      1            2          3          4          5          6          7           8          9          10         11         12
   TOTALS       SBRT        SBTH        SBLT       WBRT       WBTH       WBLT       NBRT        NBTH       NBLT       EBRT       EBTH       EBLT


  0700-0715            5          237          5          4        158        19          12         54           5          7         65          2
  0715-0730            9          258          9          5        176        27          18         81         12           9         83          3
  0730-0745           16          277          7          6        193        26          19         90         11          11         89          3
  0745-0800           25          293          3          6        205        36          21         105        15          16     100             2
  0800-0815           35          308          6          8        251        23          28         123        21          24     123             2
  0815-0830           26          283          8          5        227        38          34         110        22          30     116             1
  0830-0845           22          264          4          3        208        26          37         116        20          25     110             3
  0845-0900           20          310          8          2        223        25          28         119        16          23     105             5
  0900-0915           13          306          4          3        253        21          26         125        18          20     114             4
  0915-0930           10          297          7          8        259        25          30         105        24          27     104             3
  0930-0945           12          255          5          5        240        20          20         117        17          24         97          5
  0945-1000            9          233          4          4        211        21          25         118        19          28     103             3


   1 HOUR        1            2          3          4          5          6          7           8          9          10         11         12
   TOTALS       SBRT        SBTH        SBLT       WBRT       WBTH       WBLT       NBRT        NBTH       NBLT       EBRT       EBTH       EBLT       TOTALS


  0700-0800           55      1065           24         21         732        108         70         330        43          43     337            10     2838
  0715-0815           85      1136           25         25         825        112         86         399        59          60     395            10     3217
  0730-0830          102      1161           24         25         876        123        102         428        69          81     428             8     3427
  0745-0845          108      1148           21         22         891        123        120         454        78          95     449             8     3517
  0800-0900          103      1165           26         18         909        112        127         468        79      102        454            11     3574
  0815-0915           81      1163           24         13         911        110        12 5        470        76          98     445            13     3529
  0830-0930           65      1177           23         16         943        97         121         465        78          95     433            15     3528
  0845-0945           55      1168           24         18         975        91         104         466        75          94     420            17     3507
  0900-1000           44      1091           20         20         963        87         101         465        78          99     418            15     3401

   A.M. PEAK HOUR                                                  103    1165            26
      0800-0900


                                             11                                                                             18

                                             454                                                                        909
   HOLLYWOOD BOULEVARD
                                             102                                                                        112




                                                                   79         468        127


                                                                         VINE STREET
INTERSECTION TURNING MOVEMENT COUNT SUMMARY

CLIENT:                    CRAIN & ASSOCIATES
PROJECT:                   MILLENIUM PROJECT - HOLLYWOOD
DATE:                      THURSDAY, APRIL 28, 2011
PERIOD:                    03:00 PM TO 06:00 PM
INTERSECTION:   N/S        VINE STREET
                E/W        HOLLYWOOD BOULEVARD
FILE NUMBER:                12-PM


  15 MINUTE      1            2          3          4         5          6          7          8          9          10         11      12
   TOTALS       SBRT        SBTH        SBLT       WBRT      WBTH       WBLT       NBRT       NBTH       NBLT       EBRT       EBTH    EBLT


  0300-0315           17          158        13         10        163        25         44         173        23          37     228         10
  0315-0330           14          167        19         10        154        23         40         184        26          20     218         16
  0330-0345           17          164        12         14        166        22         57         190        25          34     244         19
  0345-0400           14          170        11         16        173        24         56         205        25          36     210         10
  0400-0415           12          171        14         13        180        24         38         211        27          33     228          6
  0415-0430           12          172        17         17        171        25         58         249        34          34     220          8
  0430-0445           15          181        11         15        194        22         58         231        22          28     256         16
  0445-0500           12          198        12         11        182        29         43         234        22          29     224         12
  0500-0515           15          184        16         16        169        19         56         240        35          41     241         12
  0515-0530           26          179        15         17        181        27         45         230        24          25     247         18
  0530-0545           15          188        18         20        175        27         39         264        24          27     242         10
  0545-0600           14          177        15         22        180        30         47         239        38          26     250         11


   1 HOUR        1            2          3          4         5          6          7          8          9          10         11      12
   TOTALS       SBRT        SBTH        SBLT       WBRT      WBTH       WBLT       NBRT       NBTH       NBLT       EBRT       EBTH    EBLT       TOTALS


  0300-0400           62          659        55         50        656        94         197        752        99      127        900         55     3706
  0315-0415           57          672        56         53        673        93         191        790        103     12 3       900         51     3762
  0330-0430           55          677        54         60        690        95         209        855        111     137        902         43     3888
  0345-0445           53          694        53         61        718        95         210        896        108     131        914         40     3973
  0400-0500           51          722        54         56        727        100        197        925        105     124        928         42     4031
  0415-0515           54          735        56         59        716        95         215        954        113     132        941         48     4118
  0430-0530           68          742        54         59        726        97         202        935        103     12 3       968         58     4135
  0445-0545           68          749        61         64        707        102        183        968        105     122        954         52     4135
  0500-0600           70          728        64         75        705        103        187        973        121     119        980         51     4176

   P.M. PEAK HOUR                                                 70         728        64
      0500-0600


                                             51                                                                           75

                                             980                                                                      705
   HOLLYWOOD BOULEVARD
                                             119                                                                      103




                                                                  121        973        187


                                                                        VINE STREET
