INTERSECTION TURNING MOVEMENT COUNT SUMMARY

CLIENT:                     CRAIN & ASSOCIATES
PROJECT:                    MILLENIUM PROJECT - HOLLYWOOD
DATE:                       TUESDAY, APRIL 26, 2011
PERIOD:                     07:00 AM TO 10:00 AM
INTERSECTION:    N/S        VINE STREET
                E/W         YUCCA STREET
FILE NUMBER:                 7-AM


  15 MINUTE       1            2          3          4          5          6          7          8          9          10         11         12
   TOTALS       SBRT         SBTH        SBLT       WBRT       WBTH       WBLT       NBRT       NBTH       NBLT       EBRT       EBTH       EBLT


  0700-0715            3           233          2          0          7        15           9        59           7          3          3          0
  0715-0730            8           262          4          0          7        17           8        72         10           3          5          1
  0730-0745            14          288          3          0        13         25         11         79         10           4          9          0
  0745-0800            20          305          5          0        18         20         14         88         12           6          6          2
  0800-0815            27          327          7          2        21         21         18         85         11           6         10          2
  0815-0830            20          290        15           1        20         31         16         82           6          4         13          1
  0830-0845            31          277        23           1        20         25         14         94         10           5         18          0
  0845-0900            37          299        29           1        29         39         19         89         12           8         17          2
  0900-0915            39          293        25           2        24         26         19         90           9         11         12          5
  0915-0930            33          279        19           2        22         28         14         81         12           8         11          4
  0930-0945            31          254        15           1        18         21         18         99         13           5         19          2
  0945-1000            28          221          9          0        17         23         16         102          9          6         14          0


   1 HOUR         1            2          3          4          5          6          7          8          9          10         11         12
   TOTALS       SBRT         SBTH        SBLT       WBRT       WBTH       WBLT       NBRT       NBTH       NBLT       EBRT       EBTH       EBLT       TOTALS


  0700-0800            45      1088           14           0        45         77         42         298        39          16         23          3     1690
  0715-0815            69      1182           19           2        59         83         51         324        43          19         30          5     1886
  0730-0830            81      1210           30           3        72         97         59         334        39          20         38          5     1988
  0745-0845            98      1199           50           4        79         97         62         349        39          21         47          5     2050
  0800-0900           115      1193           74           5        90         116        67         350        39          23         58          5     2135
  0815-0915           127      1159           92           5        93         121        68         355        37          28         60          8     2153
  0830-0930           140      1148           96           6        95         118        66         354        43          32         58         11     2167
  0845-0945           140      1125           88           6        93         114        70         359        46          32         59         13     2145
  0900-1000           131      1047           68           5        81         98         67         372        43          30         56         11     2009

   A.M. PEAK HOUR                                                   140    1148           96
      0830-0930


                                              11                                                                             6

                                              58                                                                            95
          YUCCA STREET
                                              32                                                                        118




                                                                    43         354        66


                                                                          VINE STREET
INTERSECTION TURNING MOVEMENT COUNT SUMMARY

CLIENT:                     CRAIN & ASSOCIATES
PROJECT:                    MILLENIUM PROJECT - HOLLYWOOD
DATE:                       TUESDAY, APRIL 26, 2011
PERIOD:                     03:00 PM TO 06:00 PM
INTERSECTION:    N/S        VINE STREET
                E/W         YUCCA STREET
FILE NUMBER:                 7-PM


  15 MINUTE       1            2          3          4          5          6          7          8          9          10         11         12
   TOTALS       SBRT         SBTH        SBLT       WBRT       WBTH       WBLT       NBRT       NBTH       NBLT       EBRT       EBTH       EBLT


  0300-0315            6           140          5          3        18         25         32         118        31          12         17          7
  0315-0330            8           134          2          2        10         21         46         124        29           9         20          8
  0330-0345            9           165          6          2        18         20         44         141        24          10         22         11
  0345-0400            7           151          5          0        17         21         56         135        28          17         24          7
  0400-0415            6           155          8          2        22         23         63         128        30          14         27          5
  0415-0430            10          130          4          1        20         15         58         154        44          11         28          7
  0430-0445            11          180          4          2        20         18         55         175        31          14         22          5
  0445-0500            6           197          4          2        22         22         47         186        32          10         30          5
  0500-0515            7           166          7          4        24         23         47         155        38          15         39          9
  0515-0530            8           159        14           2        21         20         53         160        43          13         30          6
  0530-0545            11          180          9          3        20         20         64         176        49          11         27          8
  0545-0600            10          195          8          2        22         15         48         199        35          12         28         11


   1 HOUR         1            2          3          4          5          6          7          8          9          10         11         12
   TOTALS       SBRT         SBTH        SBLT       WBRT       WBTH       WBLT       NBRT       NBTH       NBLT       EBRT       EBTH       EBLT       TOTALS


  0300-0400            30          590        18           7        63         87         178        518        112         48         83         33     1767
  0315-0415            30          605        21           6        67         85         209        528        111         50         93         31     1836
  0330-0430            32          601        23           5        77         79         221        558        126         52     101            30     1905
  0345-0445            34          616        21           5        79         77         232        592        133         56     101            24     1970
  0400-0500            33          662        20           7        84         78         223        643        137         49     107            22     2065
  0415-0515            34          673        19           9        86         78         207        670        145         50     119            26     2116
  0430-0530            32          702        29         10         87         83         202        676        144         52     121            25     2163
  0445-0545            32          702        34         11         87         85         211        677        162         49     126            28     2204
  0500-0600            36          700        38         11         87         78         212        690        165         51     124            34     2226

   P.M. PEAK HOUR                                                   36         700        38
      0500-0600


                                              34                                                                            11

                                              124                                                                           87
          YUCCA STREET
                                              51                                                                            78




                                                                    165        690        212


                                                                          VINE STREET
