INTERSECTION TURNING MOVEMENT COUNT SUMMARY

CLIENT:                    CRAIN & ASSOCIATES
PROJECT:                   MILLENIUM PROJECT - HOLLYWOOD
DATE:                      THURSDAY, APRIL 28, 2011
PERIOD:                    07:00 AM TO 10:00 AM
INTERSECTION:   N/S        ARGYLE AVENUE
                E/W        HOLLYWOOD BOULEVARD
FILE NUMBER:                13-AM


  15 MINUTE      1            2          3          4          5           6          7          8          9          10         11         12
   TOTALS       SBRT        SBTH        SBLT       WBRT       WBTH       WBLT        NBRT       NBTH       NBLT       EBRT       EBTH       EBLT


  0700-0715            6          11           4          2        158         11           3        16           1          4         66          3
  0715-0730            5          15           3          3        172         12           4        17           2          7         75          3
  0730-0745            7          25           3          6        222         14           4        25           2          8     100             5
  0745-0800           10          32           5          5        251         15           8        23           2         11     114             8
  0800-0815            6          34           5          8        249         25           8        20           3         10     122            12
  0815-0830            7          32           7          7        235         24           8        21           2         12     132             7
  0830-0845           11          40           4          6        232         28           6        25           3         17     130             4
  0845-0900            9          60           7          9        241         30           9        38           4         14     113             6
  0900-0915           10          76           5          9        255         32           3        30           5         10     108             7
  0915-0930           11          67           8        10         244         35           6        40           4         10         95          8
  0930-0945           11          48           7          8        255         34           5        34           7         10     117             9
  0945-1000            9          41           6        13         231         38           6        34           6          7     116             8


   1 HOUR        1            2          3          4          5           6          7          8          9          10         11         12
   TOTALS       SBRT        SBTH        SBLT       WBRT       WBTH       WBLT        NBRT       NBTH       NBLT       EBRT       EBTH       EBLT       TOTALS


  0700-0800           28          83         15         16         803         52         19         81           7         30     355            19     1508
  0715-0815           28          106        16         22         894         66         24         85           9         36     411            28     1725
  0730-0830           30          123        20         26         957         78         28         89           9         41     468            32     1901
  0745-0845           34          138        21         26         967         92         30         89         10          50     498            31     1986
  0800-0900           33          166        23         30         957         107        31         104        12          53     497            29     2042
  0815-0915           37          208        23         31         963         114        26         114        14          53     483            24     2090
  0830-0930           41          243        24         34         972         125        24         133        16          51     446            25     2134
  0845-0945           41          251        27         36         995         131        23         142        20          44     433            30     2173
  0900-1000           41          232        26         40         985         139        20         138        22          37     436            32     2148

   A.M. PEAK HOUR                                                  41          251        27
      0845-0945


                                             30                                                                             36

                                             433                                                                        995
   HOLLYWOOD BOULEVARD
                                             44                                                                         131




                                                                   20          142        23


                                                                         ARGYLE AVENUE
INTERSECTION TURNING MOVEMENT COUNT SUMMARY

CLIENT:                    CRAIN & ASSOCIATES
PROJECT:                   MILLENIUM PROJECT - HOLLYWOOD
DATE:                      THURSDAY, APRIL 28, 2011
PERIOD:                    03:00 PM TO 06:00 PM
INTERSECTION:   N/S        ARGYLE AVENUE
                E/W        HOLLYWOOD BOULEVARD
FILE NUMBER:                13-PM


  15 MINUTE      1            2          3          4          5           6          7          8           9          10         11      12
   TOTALS       SBRT        SBTH        SBLT       WBRT       WBTH       WBLT        NBRT       NBTH        NBLT       EBRT       EBTH    EBLT


  0300-0315            9          33           5          8        160         13           8         63           5         21     242         13
  0315-0330           14          35           7          9        171         14           7         69           6         25     222         16
  0330-0345           13          40           7        10         179         19           7         70         10          24     236         18
  0345-0400           16          30           4        15         180         18           8         73           8         26     246         21
  0400-0415           12          32           7        19         176         19           6         80           7         20     229         20
  0415-0430            7          24           9        19         192         12         11          81           9         22     237         21
  0430-0445           13          36           8        18         211         18         12          92           5         21     248         22
  0445-0500            8          30         10         17         190         20         10          97         10          22     255         20
  0500-0515            9          37         11         19         184         19         10          94         16          23     274         20
  0515-0530            9          38         11         23         188         21         14         108         19          24     261         19
  0530-0545           10          36         13         21         200         19           9        115         15          21     259         21
  0545-0600            9          33         10         20         181         15           8        12 3        17          21     237         23


   1 HOUR        1            2          3          4          5           6          7          8           9          10         11      12
   TOTALS       SBRT        SBTH        SBLT       WBRT       WBTH       WBLT        NBRT       NBTH        NBLT       EBRT       EBTH    EBLT       TOTALS


  0300-0400           52          138        23         42         690         64         30         275         29          96     946         68     2453
  0315-0415           55          137        25         53         706         70         28         292         31          95     933         75     2500
  0330-0430           48          126        27         63         727         68         32         304         34          92     948         80     2549
  0345-0445           48          122        28         71         759         67         37         326         29          89     960         84     2620
  0400-0500           40          122        34         73         769         69         39         350         31          85     969         83     2664
  0415-0515           37          127        38         73         777         69         43         364         40          88    1014         83     2753
  0430-0530           39          141        40         77         773         78         46         391         50          90    1038         81     2844
  0445-0545           36          141        45         80         762         79         43         414         60          90    1049         80     2879
  0500-0600           37          144        45         83         753         74         41         440         67          89    1031         83     2887

   P.M. PEAK HOUR                                                  37          144        45
      0500-0600


                                             83                                                                              83

                                         1031                                                                            753
   HOLLYWOOD BOULEVARD
                                             89                                                                              74




                                                                   67          440        41


                                                                         ARGYLE AVENUE
