INTERSECTION TURNING MOVEMENT COUNT SUMMARY

CLIENT:                     CRAIN & ASSOCIATES
PROJECT:                    MILLENIUM PROJECT - HOLLYWOOD
DATE:                       TUESDAY, MAY 03, 2011
PERIOD:                     03:00 PM TO 06:00 PM
INTERSECTION:    N/S        ARGYLE AVENUE
                E/W         SELMA AVENUE
FILE NUMBER:                 18-PM


  15 MINUTE       1            2          3          4          5           6          7          8          9          10         11         12
   TOTALS       SBRT         SBTH        SBLT       WBRT       WBTH       WBLT        NBRT       NBTH       NBLT       EBRT       EBTH       EBLT


  0300-0315            14          41           5        10         24           4           2        34           9         17         23         28
  0315-0330            16          36           5          9        24           3           1        39         10          14         25         20
  0330-0345            21          39           4        14         22           4           1        37           7         18         22         31
  0345-0400            22          40           4        13         21           1           1        41           6         21         22         26
  0400-0415            25          37           4        20         20           3           2        43           9         22         33         21
  0415-0430            25          37           4        22         21           4           5        49           2         16         34         28
  0430-0445            20          31           4        22         20           3           1        50           4         20         26         27
  0445-0500            29          30           4        17         16           3           3        52         11          21         24         21
  0500-0515            25          43           3        21         23           4           4        63           9         20         24         34
  0515-0530            24          45           4        25         24           7           4        67         10          24         31         36
  0530-0545            25          40           4        28         22           6           3        72         12          21         27         41
  0545-0600            22          37           6        26         34           6           1        60         12          22         36         39


   1 HOUR         1            2          3          4          5           6          7          8          9          10         11         12
   TOTALS       SBRT         SBTH        SBLT       WBRT       WBTH       WBLT        NBRT       NBTH       NBLT       EBRT       EBTH       EBLT       TOTALS


  0300-0400            73          156        18         46         91          12           5        151        32          70         92     105         851
  0315-0415            84          152        17         56         87          11           5        160        32          75     102            98      879
  0330-0430            93          153        16         69         84          12           9        170        24          77     111        106         924
  0345-0445            92          145        16         77         82          11           9        183        21          79     115        102         932
  0400-0500            99          135        16         81         77          13         11         194        26          79     117            97      945
  0415-0515            99          141        15         82         80          14         13         214        26          77     108        110         979
  0430-0530            98          149        15         85         83          17         12         232        34          85     105        118        1033
  0445-0545           103          158        15         91         85          20         14         254        42          86     106        132        1106
  0500-0600            96          165        17         100        103         23         12         262        43          87     118        150        1176

   P.M. PEAK HOUR                                                   96          165        17
      0500-0600


                                              150                                                                        100

                                              118                                                                        103
          SELMA AVENUE
                                              87                                                                             23




                                                                    43          262        12


                                                                          ARGYLE AVENUE
INTERSECTION TURNING MOVEMENT COUNT SUMMARY

CLIENT:                     CRAIN & ASSOCIATES
PROJECT:                    MILLENIUM PROJECT - HOLLYWOOD
DATE:                       TUESDAY, MAY 03, 2011
PERIOD:                     07:00 AM TO 10:00 AM
INTERSECTION:    N/S        ARGYLE STREET
                E/W         SELMA AVENUE
FILE NUMBER:                 18-AM


  15 MINUTE       1            2          3          4          5           6          7          8          9          10         11         12
   TOTALS       SBRT         SBTH        SBLT       WBRT       WBTH       WBLT        NBRT       NBTH       NBLT       EBRT       EBTH       EBLT


  0700-0715            9           12           2          4          8          2           5          7          2          5          4         11
  0715-0730            11          22           2          4          6          1           2        14           2          8          3          7
  0730-0745            11          26           4          4          7          3           1        14           2         10          9          6
  0745-0800            9           31           3          3          9          3           2        13           2         15          6          5
  0800-0815            11          44           7          8        12           7           2        19           5         14          8          8
  0815-0830            12          49           7          4          7          4           4        17           3         16         12         11
  0830-0845            17          57           3          8          8          6           2        22           5         15         10         17
  0845-0900            18          74           4          8          9          6           3        21           5         16          8         10
  0900-0915            15          80           6        15         10           8           3        20           5         13         14         15
  0915-0930            16          86           6        13         12           7           2        22           5         16         10         12
  0930-0945            14          70           4        11         10           8           2        19           4         15         12         14
  0945-1000            14          67           7        13         10           5           3        20           6         14         14         17


   1 HOUR         1            2          3          4          5           6          7          8          9          10         11         12
   TOTALS       SBRT         SBTH        SBLT       WBRT       WBTH       WBLT        NBRT       NBTH       NBLT       EBRT       EBTH       EBLT       TOTALS


  0700-0800            40          91         11         15         30           9         10         48           8         38         22         29      351
  0715-0815            42          123        16         19         34          14           7        60         11          47         26         26      425
  0730-0830            43          150        21         19         35          17           9        63         12          55         35         30      489
  0745-0845            49          181        20         23         36          20         10         71         15          60         36         41      562
  0800-0900            58          224        21         28         36          23         11         79         18          61         38         46      643
  0815-0915            62          260        20         35         34          24         12         80         18          60         44         53      702
  0830-0930            66          297        19         44         39          27         10         85         20          60         42         54      763
  0845-0945            63          310        20         47         41          29         10         82         19          60         44         51      776
  0900-1000            59          303        23         52         42          28         10         81         20          58         50         58      784

   A.M. PEAK HOUR                                                   59          303        23
      0900-1000


                                              58                                                                             52

                                              50                                                                             42
          SELMA AVENUE
                                              58                                                                             28




                                                                    20          81         10


                                                                          ARGYLE STREET
