WILTEC                                                                                  Phone: (626) 564-1944    Fax: (626) 564-0969
INTERSECTION TURNING MOVEMENT COUNT SUMMARY
                                                                                                                    INT. 69
CLIENT:                             KAKU ASSOCIATES
PROJECT:                            NBC UNIVERSAL COUNTS
DATE:                               TUESDAY NOVEMBER 14, 2006
PERIOD:                             7:00 AM TO 10:00 AM
INTERSECTION:           N/S         CAHUENGA BOULEVARD
                        E/W         FRANKLIN AVENUE

15 MIN COUNTS
                    1           2         3       4       5        6       7       8      9      10        11         12
PERIOD           SBRT       SBTH       SBLT   WBRT    WBTH      WBLT    NBRT   NBTH    NBLT    EBRT      EBTH       EBLT    TOTAL
700-715            11         221        14      26      95       44       6      94      1       7        28         28      575
715-730            19         253        25      31     109       61      11     108      5       5        36         27      690
730-745             6         315        20      46     128       62       6     113      3      11        58         32      800
745-800            14         368        18      60     120       92      11     143     11      15        50         39      941
800-815             9         305        25      68     113       70      13     188     12      16        51         37      907
815-830            49         259        38      83      98       97      11     193     13       6        70         38      955
830-845             5         302        21      84      88       80       7     225      6       8        64         60      950
845-900            12         283        31     106      89       91      10     233      3      11        60         39      968
900-915            11         262        23      87      85       87       6     213      4       5        62         45      890
915-930             2         221        16      72      71       77       4     182      2       8        71         29      755
930-945             9         239        14      93      87       80       4     151      6       5        27         24      739
945-1000            7         206        23      65      63       62       5     196      1      12        79         45      764
HOUR TOTALS
                    1           2         3       4       5        6       7       8      9      10         11        12
TIME             SBRT       SBTH       SBLT   WBRT    WBTH      WBLT    NBRT   NBTH    NBLT    EBRT      EBTH       EBLT    TOTAL
700-800            50        1157        77     163     452      259      34     458     20      38        172       126      3006
715-815            48        1241        88     205     470      285      41     552     31      47        195       135      3338
730-830            78        1247       101     257     459      321      41     637     39      48        229       146      3603
745-845            77        1234       102     295     419      339      42     749     42      45        235       174      3753
800-900            75        1149       115     341     388      338      41     839     34      41        245       174      3780
815-915            77        1106       113     360     360      355      34     864     26      30        256       182      3763
830-930            30        1068        91     349     333      335      27     853     15      32        257       173      3563
845-945            34        1005        84     358     332      335      24     779     15      29        220       137      3352
900-1000           29         928        76     317     306      306      19     742     13      30        239       143      3148




           A.M. PEAK HOUR
                800-900                                                        341

                                      75      1149    115                      388

                                                                               338



                                      174

FRANKLIN AVENUE                       245                        34    839     41

                                      41

                                                                CAHUENGA BOULEVARD
WILTEC                                                                                 Phone: (626) 564-1944    Fax: (626) 564-0969
INTERSECTION TURNING MOVEMENT COUNT SUMMARY
                                                                                                                   INT. 69
CLIENT:                            KAKU ASSOCIATES
PROJECT:                           NBC UNIVERSAL COUNTS
DATE:                              TUESDAY NOVEMBER 14, 2006
PERIOD:                            3:00 PM TO 6:00 PM
INTERSECTION:          N/S         CAHUENGA BOULEVARD
                       E/W         FRANKLIN AVENUE

15 MIN COUNTS
                   1           2         3       4       5        6       7       8      9      10        11         12
PERIOD          SBRT       SBTH       SBLT   WBRT    WBTH      WBLT    NBRT   NBTH    NBLT    EBRT      EBTH       EBLT    TOTAL
300-315            3         123        21     156     105       41      17     298      3       9        90         48       914
315-330            8         144        22     197      80       31       7     296      4      16        79         49       933
330-345            3         179        23     177     107       55      10     306      9       8        67         36       980
345-400            2         150        21     135      74       56      20     332      3      10        75         44       922
400-415            2         153        15     173      89       30      15     382      7      14        95         46      1021
415-430            4         174        19     189     108       32      20     358      4      10        78         48      1044
430-445            4         188        17     223     116       49      14     363      6       8        97         58      1143
445-500            1         179        14     219      87       27      16     389      3       8        71         35      1049
500-515            2         166        12     206     101       38      10     396      4       6        94         41      1076
515-530            3         168        15     245      90       33       9     343      2       9        87         40      1044
530-545            0         198        18     251     119       43      12     400      7      13        69         50      1180
545-600            4         161        13     224     103       34       9     371      4       9        79         35      1046
HOUR TOTALS
                   1           2         3       4       5        6       7       8      9      10         11        12
TIME            SBRT       SBTH       SBLT   WBRT    WBTH      WBLT    NBRT   NBTH    NBLT    EBRT      EBTH       EBLT    TOTAL
300-400           16         596        87     665     366      183      54    1232     19      43        311       177      3749
315-415           15         626        81     682     350      172      52    1316     23      48        316       175      3856
330-430           11         656        78     674     378      173      65    1378     23      42        315       174      3967
345-445           12         665        72     720     387      167      69    1435     20      42        345       196      4130
400-500           11         694        65     804     400      138      65    1492     20      40        341       187      4257
415-515           11         707        62     837     412      146      60    1506     17      32        340       182      4312
430-530           10         701        58     893     394      147      49    1491     15      31        349       174      4312
445-545            6         711        59     921     397      141      47    1528     16      36        321       166      4349
500-600            9         693        58     926     413      148      40    1510     17      37        329       166      4346




          P.M. PEAK HOUR
               445-545                                                        921

                                      6      711     59                       397

                                                                              141



                                     166

FRANKLIN AVENUE                      321                        16    1528    47

                                     36

                                                               CAHUENGA BOULEVARD
