INTERSECTION TURNING MOVEMENT COUNT SUMMARY

CLIENT:                    CRAIN & ASSOCIATES
PROJECT:                   MILLENIUM PROJECT - HOLLYWOOD
DATE:                      THURSDAY, MARCH 31, 2011
PERIOD:                    07:00 AM TO 10:00 AM
INTERSECTION:   N/S        CAHUENGA BOULEVARD
                E/W        FRANKLIN AVENUE
FILE NUMBER:                1-AM


  15 MINUTE      1            2          3          4          5          6          7          8          9          10         11         12
   TOTALS       SBRT        SBTH        SBLT       WBRT       WBTH       WBLT       NBRT       NBTH       NBLT       EBRT       EBTH       EBLT


  0700-0715            6          177          9        11         95         20           2        59           5          3         45         30
  0715-0730            9          200        14         14         114        28           4        66           4          5         47         29
  0730-0745            7          268        16         20         141        39           5        84           6          4         45         30
  0745-0800           11          361        18         28         156        39           8        102          6          4         50         45
  0800-0815           15          342        18         30         161        44           9        116          8          7         59         40
  0815-0830           19          336        24         39         157        41         11         151          5         14         58         42
  0830-0845           20          304        28         43         140        36           9        178          4         19         49         43
  0845-0900           20          251        27         41         138        37         10         162          7         17         59         37
  0900-0915           20          290        28         40         139        44         10         159          5         11         60         53
  0915-0930           19          349        27         42         150        39         10         164          3         15         77         44
  0930-0945           15          308        23         44         149        47           9        144          4         10         73         46
  0945-1000           15          257        29         41         152        43           5        146          6         12         68         32


   1 HOUR        1            2          3          4          5          6          7          8          9          10         11         12
   TOTALS       SBRT        SBTH        SBLT       WBRT       WBTH       WBLT       NBRT       NBTH       NBLT       EBRT       EBTH       EBLT       TOTALS


  0700-0800           33      1006           57         73         506        126        19         311        21          16     187        134        2489
  0715-0815           42      1171           66         92         572        150        26         368        24          20     201        144        2876
  0730-0830           52      1307           76         117        615        163        33         453        25          29     212        157        3239
  0745-0845           65      1343           88         140        614        160        37         547        23          44     216        170        3447
  0800-0900           74      1233           97         153        596        158        39         607        24          57     225        162        3425
  0815-0915           79      1181           107        163        574        158        40         650        21          61     226        175        3435
  0830-0930           79      1194           110        166        567        156        39         663        19          62     245        177        3477
  0845-0945           74      1198           105        167        576        167        39         629        19          53     269        180        3476
  0900-1000           69      1204           107        167        590        173        34         613        18          48     278        175        3476

   A.M. PEAK HOUR                                                  79     1194           110
      0830-0930


                                             177                                                                       166

                                             245                                                                       567
        FRANKLIN AVENUE
                                             62                                                                        156




                                                                   19         663        39


                                                                   CAHUENGA BOULEVARD
INTERSECTION TURNING MOVEMENT COUNT SUMMARY

CLIENT:                    CRAIN & ASSOCIATES
PROJECT:                   MILLENIUM PROJECT - HOLLYWOOD
DATE:                      THURSDAY, MARCH 31, 2011
PERIOD:                    03:00 PM TO 06:00 PM
INTERSECTION:   N/S        CAHUENGA BOULEVARD
                E/W        FRANKLIN AVENUE
FILE NUMBER:                1-PM


  15 MINUTE      1            2          3          4          5          6          7          8          9         10         11      12
   TOTALS       SBRT        SBTH        SBLT       WBRT       WBTH       WBLT       NBRT       NBTH       NBLT      EBRT       EBTH    EBLT


  0300-0315           13          133        21         50         112        25         31         223        16         11     108         35
  0315-0330           12          140        20         64         127        26         31         255        19         14     116         39
  0330-0345           10          149        20         70         136        25         26         271        18         16     114         44
  0345-0400           12          135        24         84         129        26         21         297        15         17     117         36
  0400-0415            8          146        23         91         123        30         23         300        15         12     110         40
  0415-0430            5          124        29         101        125        33         20         355        11         11     118         46
  0430-0445            3          148        26         107        143        36         24         328        13         12     113         51
  0445-0500            9          133        27         111        134        29         25         346        16         19     117         45
  0500-0515            5          128        31         122        150        25         21         370        12         14     121         55
  0515-0530            9          130        26         119        126        29         22         352        16         13     127         44
  0530-0545            9          144        33         121        143        25         25         351        22         16     125         48
  0545-0600            7          158        22         112        138        27         21         360        17         19     122         49


   1 HOUR        1            2          3          4          5          6          7          8          9         10         11      12
   TOTALS       SBRT        SBTH        SBLT       WBRT       WBTH       WBLT       NBRT       NBTH       NBLT      EBRT       EBTH    EBLT       TOTALS


  0300-0400           47          557        85         268        504        102        109    1046           68         58     455     154        3453
  0315-0415           42          570        87         309        515        107        101    1123           67         59     457     159        3596
  0330-0430           35          554        96         346        513        114        90     1223           59         56     459     166        3711
  0345-0445           28          553        102        383        520        125        88     1280           54         52     458     173        3816
  0400-0500           25          551        105        410        525        128        92     1329           55         54     458     182        3914
  0415-0515           22          533        113        441        552        123        90     1399           52         56     469     197        4047
  0430-0530           26          539        110        459        553        119        92     1396           57         58     478     195        4082
  0445-0545           32          535        117        473        553        108        93     1419           66         62     490     192        4140
  0500-0600           30          560        112        474        557        106        89     1433           67         62     495     196        4181

   P.M. PEAK HOUR                                                  30         560        112
      0500-0600


                                             196                                                                      474

                                             495                                                                      557
        FRANKLIN AVENUE
                                             62                                                                       106




                                                                   67     1433           89


                                                                   CAHUENGA BOULEVARD
