INTERSECTION TURNING MOVEMENT COUNT SUMMARY

CLIENT:                    CRAIN & ASSOCIATES
PROJECT:                   MILLENIUM PROJECT - HOLLYWOOD
DATE:                      WEDNESDAY, APRIL 27, 2011
PERIOD:                    07:00 AM TO 10:00 AM
INTERSECTION:   N/S        HIGHLAND AVENUE
                E/W        HOLLYWOOD BOULEVARD
FILE NUMBER:                9-AM


  15 MINUTE      1            2          3          4          5            6          7         8          9          10         11         12
   TOTALS       SBRT        SBTH        SBLT       WBRT       WBTH        WBLT        NBRT      NBTH       NBLT       EBRT       EBTH       EBLT


  0700-0715           51          408          9        44         101          20         10        166          2         10         50         23
  0715-0730           83          442          8        58         129          32         12        252          5         11         61         25
  0730-0745           66          460          6        38         163          32         11        262          3         11         81         23
  0745-0800           60          370        10         33         180          47         17        320          5          8     107            33
  0800-0815           58          400        12         38         205          36         19        256          6         11     100            30
  0815-0830           46          379        15         31         226          43         13        378          2         13     109            41
  0830-0845           55          416        10         36         174          52         12        387          5         13     108            38
  0845-0900           49          395        18         28         183          42         11        366          7         18     113            41
  0900-0915           46          427        10         37         160          42         16        328          7         15     104            35
  0915-0930           53          379        10         26         194          45         15        309          8         12         93         45
  0930-0945           46          424          9        35         223          54         19        286          5         10         94         42
  0945-1000           55          363        14         30         177          41         16        255          7          8         90         37


   1 HOUR        1            2          3          4          5            6          7         8          9          10         11         12
   TOTALS       SBRT        SBTH        SBLT       WBRT       WBTH        WBLT        NBRT      NBTH       NBLT       EBRT       EBTH       EBLT       TOTALS


  0700-0800          260      1680           33         173        573          131        50    1000           15          40     299        104        4358
  0715-0815          267      1672           36         167        677          147        59    1090           19          41     349        111        4635
  0730-0830          230      1609           43         140        774          158        60    1216           16          43     397        127        4813
  0745-0845          219      1565           47         138        785          178        61    1341           18          45     424        142        4963
  0800-0900          208      1590           55         133        788          173        55    1387           20          55     430        150        5044
  0815-0915          196      1617           53         132        743          179        52    1459           21          59     434        155        5100
  0830-0930          203      1617           48         127        711          181        54    1390           27          58     418        159        4993
  0845-0945          194      1625           47         126        760          183        61    1289           27          55     404        163        4934
  0900-1000          200      1593           43         128        754          182        66    1178           27          45     381        159        4756

   A.M. PEAK HOUR                                                  196      1617           53
      0815-0915


                                             155                                                                        132

                                             434                                                                        743
   HOLLYWOOD BOULEVARD
                                             59                                                                         179




                                                                   21       1459           52


                                                                         HIGHLAND AVENUE
INTERSECTION TURNING MOVEMENT COUNT SUMMARY

CLIENT:                    CRAIN & ASSOCIATES
PROJECT:                   MILLENIUM PROJECT - HOLLYWOOD
DATE:                      WEDNESDAY, APRIL 27, 2011
PERIOD:                    03:00 PM TO 06:00 PM
INTERSECTION:   N/S        HIGHLAND AVENUE
                E/W        HOLLYWOOD BOULEVARD
FILE NUMBER:                9-PM


  15 MINUTE      1            2          3          4          5            6         7          8          9         10         11      12
   TOTALS       SBRT        SBTH        SBLT       WBRT       WBTH        WBLT       NBRT       NBTH       NBLT      EBRT       EBTH    EBLT


  0300-0315           26          311        19         20         104          26        14         270        14         18     169         41
  0315-0330           31          331        17         22         121          28        23         305        20         29     185         58
  0330-0345           28          367        16         26         117          22        33         444        28         24     183         64
  0345-0400           20          310        13         23         113          20        26         436        12         28     173         56
  0400-0415           37          322        17         33         108          24        24         437        21         20     193         75
  0415-0430           37          316        26         20         101          28        20         406        18         27     191         57
  0430-0445           43          336        22         30         106          21        26         408        17         23     199         70
  0445-0500           61          302        19         21         118          20        22         432        21         27     202         50
  0500-0515           54          309        19         17         127          22        23         449        28         33     219         70
  0515-0530           52          332        15         20         125          21        28         430        20         20     214         52
  0530-0545           40          350        19         39         132          29        31         427        19         23     205         68
  0545-0600           55          341        21         23         126          20        21         383        15         16     198         44


   1 HOUR        1            2          3          4          5            6         7          8          9         10         11      12
   TOTALS       SBRT        SBTH        SBLT       WBRT       WBTH        WBLT       NBRT       NBTH       NBLT      EBRT       EBTH    EBLT       TOTALS


  0300-0400          105      1319           65         91         455          96        96     1455           74         99     710     219        4784
  0315-0415          116      1330           63         104        459          94        106    1622           81     101        734     253        5063
  0330-0430          122      1315           72         102        439          94        103    1723           79         99     740     252        5140
  0345-0445          137      1284           78         106        428          93        96     1687           68         98     756     258        5089
  0400-0500          178      1276           84         104        433          93        92     1683           77         97     785     252        5154
  0415-0515          195      1263           86         88         452          91        91     1695           84     110        811     247        5213
  0430-0530          210      1279           75         88         476          84        99     1719           86     103        834     242        5295
  0445-0545          207      1293           72         97         502          92        104    1738           88     103        840     240        5376
  0500-0600          201      1332           74         99         510          92        103    1689           82         92     836     234        5344

   P.M. PEAK HOUR                                                  207      1293          72
      0445-0545


                                             240                                                                           97

                                             840                                                                       502
   HOLLYWOOD BOULEVARD
                                             103                                                                           92




                                                                   88       1738          104


                                                                         HIGHLAND AVENUE
