INTERSECTION TURNING MOVEMENT COUNT SUMMARY

CLIENT:                     CRAIN & ASSOCIATES
PROJECT:                    MILLENIUM PROJECT - HOLLYWOOD
DATE:                       TUESDAY, MAY 03, 2011
PERIOD:                     07:00 AM TO 10:00 AM
INTERSECTION:    N/S        CAHUENGA BOULEVARD
                E/W         SELMA AVENUE
FILE NUMBER:                 15-AM


  15 MINUTE       1            2          3          4          5          6          7          8          9          10         11         12
   TOTALS       SBRT         SBTH        SBLT       WBRT       WBTH       WBLT       NBRT       NBTH       NBLT       EBRT       EBTH       EBLT


  0700-0715            2           185          3          1          2          1          2        55           0          3          2          5
  0715-0730            5           234          4          3          6          4          2        67           1          2          3          4
  0730-0745            10          269          3          3        13           3          3        75           1          2          6          2
  0745-0800            14          287          8          2        14           2          2        91           1          2          9          4
  0800-0815            10          303          4          2        15           3          4        105          2          3         10          3
  0815-0830            6           267          7          5        19           2          4        132          2          2         11          3
  0830-0845            10          270          6          8        20           4          4        127          4          5         17          2
  0845-0900            16          321          8          5        35           2          5        169          8          4         19          4
  0900-0915            19          281          5          5        26           4          8        154          8          4         17          2
  0915-0930            13          288          5          6        37           5          4        148          6          7         20          4
  0930-0945            13          250          5          7        30           2          6        125          4          5         24          5
  0945-1000            15          306          6          8        27           2          5        120          4          6         21          6


   1 HOUR         1            2          3          4          5          6          7          8          9          10         11         12
   TOTALS       SBRT         SBTH        SBLT       WBRT       WBTH       WBLT       NBRT       NBTH       NBLT       EBRT       EBTH       EBLT       TOTALS


  0700-0800            31          975        18           9        35         10           9        288          3          9         20         15     1422
  0715-0815            39      1093           19         10         48         12         11         338          5          9         28         13     1625
  0730-0830            40      1126           22         12         61         10         13         403          6          9         36         12     1750
  0745-0845            40      1127           25         17         68         11         14         455          9         12         47         12     1837
  0800-0900            42      1161           25         20         89         11         17         533        16          14         57         12     1997
  0815-0915            51      1139           26         23         100        12         21         582        22          15         64         11     2066
  0830-0930            58      1160           24         24         118        15         21         598        26          20         73         12     2149
  0845-0945            61      1140           23         23         128        13         23         596        26          20         80         15     2148
  0900-1000            60      1125           21         26         120        13         23         547        22          22         82         17     2078

   A.M. PEAK HOUR                                                   58     1160           24
      0830-0930


                                              12                                                                            24

                                              73                                                                        118
          SELMA AVENUE
                                              20                                                                            15




                                                                    26         598        21


                                                                    CAHUENGA BOULEVARD
INTERSECTION TURNING MOVEMENT COUNT SUMMARY

CLIENT:                     CRAIN & ASSOCIATES
PROJECT:                    MILLENIUM PROJECT - HOLLYWOOD
DATE:                       TUESDAY, MAY 03, 2011
PERIOD:                     03:00 PM TO 06:00 PM
INTERSECTION:    N/S        CAHUENGA BOULEVARD
                E/W         SELMA AVENUE
FILE NUMBER:                 15-PM


  15 MINUTE       1            2          3          4          5          6          7          8          9          10         11         12
   TOTALS       SBRT         SBTH        SBLT       WBRT       WBTH       WBLT       NBRT       NBTH       NBLT       EBRT       EBTH       EBLT


  0300-0315            14          158          6        13         26           5        17         219          4          6         31         16
  0315-0330            14          177          3        12         22           7        12         236          8          8         30         15
  0330-0345            11          172          5        17         26           4        12         240          5          8         43         13
  0345-0400            12          183          7        14         35           6        10         237          8          7         30          9
  0400-0415            17          170          3        14         30           8        12         269          7          8         47         11
  0415-0430            10          180          4        10         37           7        12         286          3          5         45          9
  0430-0445            16          160          3        13         34           5          8        273          1          3         48         12
  0445-0500            11          143          2          8        31           4        10         270          1          5         42         14
  0500-0515            16          146          4        13         34           5        12         271          4         11         53         14
  0515-0530            15          157          7        13         32           7        11         267          3          7         60         13
  0530-0545            15          173        13         15         40           7        12         284          3          7         59         12
  0545-0600            12          188          8        13         40           8        11         305          4          5         67         10


   1 HOUR         1            2          3          4          5          6          7          8          9          10         11         12
   TOTALS       SBRT         SBTH        SBLT       WBRT       WBTH       WBLT       NBRT       NBTH       NBLT       EBRT       EBTH       EBLT       TOTALS


  0300-0400            51          690        21         56         109        22         51         932        25          29     134            53     2173
  0315-0415            54          702        18         57         113        25         46         982        28          31     150            48     2254
  0330-0430            50          705        19         55         128        25         46     1032           23          28     165            42     2318
  0345-0445            55          693        17         51         136        26         42     1065           19          23     170            41     2338
  0400-0500            54          653        12         45         132        24         42     1098           12          21     182            46     2321
  0415-0515            53          629        13         44         136        21         42     1100             9         24     188            49     2308
  0430-0530            58          606        16         47         131        21         41     1081             9         26     203            53     2292
  0445-0545            57          619        26         49         137        23         45     1092           11          30     214            53     2356
  0500-0600            58          664        32         54         146        27         46     1127           14          30     239            49     2486

   P.M. PEAK HOUR                                                   58         664        32
      0500-0600


                                              49                                                                            54

                                              239                                                                       146
          SELMA AVENUE
                                              30                                                                            27




                                                                    14     1127           46


                                                                    CAHUENGA BOULEVARD
