INTERSECTION TURNING MOVEMENT COUNT SUMMARY

CLIENT:                    CRAIN & ASSOCIATES
PROJECT:                   MILLENIUM PROJECT - HOLLYWOOD
DATE:                      THURSDAY, MARCH 31, 2011
PERIOD:                    07:00 AM TO 10:00 AM
INTERSECTION:   N/S        CAHUENGA BOULEVARD
                E/W        HOLLYWOOD BOULEVARD
FILE NUMBER:                10-AM


  15 MINUTE      1            2          3          4          5          6          7          8          9          10         11         12
   TOTALS       SBRT        SBTH        SBLT       WBRT       WBTH       WBLT       NBRT       NBTH       NBLT       EBRT       EBTH       EBLT


  0700-0715           22          169          5          5        151          4          0        40           0          0         64          3
  0715-0730           47          257          6          6        170          6          2        63           1          2         92          6
  0730-0745           44          299          8          8        187          9          4        75           3          3     100             5
  0745-0800           57          275          7        10         218          8          8        83           5          6     126            10
  0800-0815           56          300          5          9        241          7          5        97           3          3     108            10
  0815-0830           48          284          4          5        239        10           3        120          5          5     130            13
  0830-0845           36          307          7          5        222        12           6        131          3          4     125            15
  0845-0900           46          271          6          9        218        11           7        167          6          6     125            11
  0900-0915           58          263          5          8        215        17           5        138          4          7     120            12
  0915-0930           42          305          7        11         233        10           5        133          5         11     103            10
  0930-0945           51          258        11         10         231        12           7        131          4          5     111             7
  0945-1000           30          279        10         13         218          9          9        113          7          8     106             9


   1 HOUR        1            2          3          4          5          6          7          8          9          10         11         12
   TOTALS       SBRT        SBTH        SBLT       WBRT       WBTH       WBLT       NBRT       NBTH       NBLT       EBRT       EBTH       EBLT       TOTALS


  0700-0800          170      1000           26         29         726        27         14         261          9         11     382            24     2679
  0715-0815          204      1131           26         33         816        30         19         318        12          14     426            31     3060
  0730-0830          205      1158           24         32         885        34         20         375        16          17     464            38     3268
  0745-0845          197      1166           23         29         920        37         22         431        16          18     489            48     3396
  0800-0900          186      1162           22         28         920        40         21         515        17          18     488            49     3466
  0815-0915          188      1125           22         27         894        50         21         556        18          22     500            51     3474
  0830-0930          182      1146           25         33         888        50         23         569        18          28     473            48     3483
  0845-0945          197      1097           29         38         897        50         24         569        19          29     459            40     3448
  0900-1000          181      1105           33         42         897        48         26         515        20          31     440            38     3376

   A.M. PEAK HOUR                                                  182    1146           25
      0830-0930


                                             48                                                                            33

                                             473                                                                       888
   HOLLYWOOD BOULEVARD
                                             28                                                                            50




                                                                   18         569        23


                                                                   CAHUENGA BOULEVARD
INTERSECTION TURNING MOVEMENT COUNT SUMMARY

CLIENT:                    CRAIN & ASSOCIATES
PROJECT:                   MILLENIUM PROJECT - HOLLYWOOD
DATE:                      THURSDAY, MARCH 31, 2011
PERIOD:                    03:00 PM TO 06:00 PM
INTERSECTION:   N/S        CAHUENGA BOULEVARD
                E/W        HOLLYWOOD BOULEVARD
FILE NUMBER:                10-PM


  15 MINUTE      1            2          3          4          5          6          7          8          9          10         11      12
   TOTALS       SBRT        SBTH        SBLT       WBRT       WBTH       WBLT       NBRT       NBTH       NBLT       EBRT       EBTH    EBLT


  0300-0315           23          146        15         18         196          6        12         243          5         17     205         18
  0315-0330           20          139        10         14         172        10         16         244          9         19     217         25
  0330-0345           14          153          9        17         153        17         16         251        10          17     220         26
  0345-0400           21          169        11         18         181        12         13         255        13          15     211         30
  0400-0415           22          173          4        18         198        16         17         269          2         12     218         21
  0415-0430           20          137          0        19         193        13         19         301          3         14     226         22
  0430-0445           23          153          1        19         177        15         18         277          1         11     246         21
  0445-0500           16          121          0        22         170        12         14         299          0         10     231         25
  0500-0515           17          130          3        23         185        10         19         278          1         14     222         30
  0515-0530           21          146          0        22         194        10         21         281          0         12     253         29
  0530-0545           27          176          0        31         183        14         17         283          2         11     247         34
  0545-0600           28          185          0        25         185        15         20         291          0         15     233         32


   1 HOUR        1            2          3          4          5          6          7          8          9          10         11      12
   TOTALS       SBRT        SBTH        SBLT       WBRT       WBTH       WBLT       NBRT       NBTH       NBLT       EBRT       EBTH    EBLT       TOTALS


  0300-0400           78          607        45         67         702        45         57         993        37          68     853         99     3651
  0315-0415           77          634        34         67         704        55         62     1019           34          63     866     102        3717
  0330-0430           77          632        24         72         725        58         65     1076           28          58     875         99     3789
  0345-0445           86          632        16         74         749        56         67     1102           19          52     901         94     3848
  0400-0500           81          584          5        78         738        56         68     1146             6         47     921         89     3819
  0415-0515           76          541          4        83         725        50         70     1155             5         49     925         98     3781
  0430-0530           77          550          4        86         726        47         72     1135             2         47     952     105        3803
  0445-0545           81          573          3        98         732        46         71     1141             3         47     953     118        3866
  0500-0600           93          637          3        101        747        49         77     1133             3         52     955     125        3975

   P.M. PEAK HOUR                                                  93         637          3
      0500-0600


                                             125                                                                       101

                                             955                                                                       747
   HOLLYWOOD BOULEVARD
                                             52                                                                            49




                                                                     3    1133           77


                                                                   CAHUENGA BOULEVARD
