INTERSECTION TURNING MOVEMENT COUNT SUMMARY

CLIENT:                     CRAIN & ASSOCIATES
PROJECT:                    MILLENIUM PROJECT - HOLLYWOOD
DATE:                       TUESDAY, MAY 03, 2011
PERIOD:                     07:00 AM TO 10:00 AM
INTERSECTION:    N/S        VINE STREET
                E/W         SELMA AVENUE
FILE NUMBER:                 17-AM


  15 MINUTE       1            2          3          4          5          6          7          8          9          10         11         12
   TOTALS       SBRT         SBTH        SBLT       WBRT       WBTH       WBLT       NBRT       NBTH       NBLT       EBRT       EBTH       EBLT


  0700-0715            3           268          2          9          5          9          5        64           2          7          3          2
  0715-0730            4           301          6          6          8        12           3        81           2          6          2          2
  0730-0745            8           320          3          8          7        10           7        123          2          6          6          1
  0745-0800            6           304          8          5          5        14           6        131          4         10          6          0
  0800-0815            3           321          7          8          7        13         10         142          4         19          9          0
  0815-0830            5           338          5        12         10         16         13         133          7         14         12          3
  0830-0845            12          316          9        10         11         19         17         160          8         11         17          4
  0845-0900            6           310        13         11         14         12         22         155          9         10         18          4
  0900-0915            5           308        15           6        13         14         21         140        10          10         12          7
  0915-0930            5           324          8        10         14         19         22         134        12          16         11          6
  0930-0945            8           297        11         10         11         18         25         137        17          19         16          3
  0945-1000            4           264          6          5          8        12         19         148          9         14          9          4


   1 HOUR         1            2          3          4          5          6          7          8          9          10         11         12
   TOTALS       SBRT         SBTH        SBLT       WBRT       WBTH       WBLT       NBRT       NBTH       NBLT       EBRT       EBTH       EBLT       TOTALS


  0700-0800            21      1193           19         28         25         45         21         399        10          29         17          5     1812
  0715-0815            21      1246           24         27         27         49         26         477        12          41         23          3     1976
  0730-0830            22      1283           23         33         29         53         36         529        17          49         33          4     2111
  0745-0845            26      1279           29         35         33         62         46         566        23          54         44          7     2204
  0800-0900            26      1285           34         41         42         60         62         590        28          54         56         11     2289
  0815-0915            28      1272           42         39         48         61         73         588        34          45         59         18     2307
  0830-0930            28      1258           45         37         52         64         82         589        39          47         58         21     2320
  0845-0945            24      1239           47         37         52         63         90         566        48          55         57         20     2298
  0900-1000            22      1193           40         31         46         63         87         559        48          59         48         20     2216

   A.M. PEAK HOUR                                                   28     1258           45
      0830-0930


                                              21                                                                            37

                                              58                                                                            52
          SELMA AVENUE
                                              47                                                                            64




                                                                    39         589        82


                                                                          VINE STREET
INTERSECTION TURNING MOVEMENT COUNT SUMMARY

CLIENT:                     CRAIN & ASSOCIATES
PROJECT:                    MILLENIUM PROJECT - HOLLYWOOD
DATE:                       TUESDAY, MAY 03, 2011
PERIOD:                     03:00 PM TO 06:00 PM
INTERSECTION:    N/S        VINE STREET
                E/W         SELMA AVENUE
FILE NUMBER:                 17-PM


  15 MINUTE       1            2          3          4         5         6          7          8          9         10         11         12
   TOTALS       SBRT         SBTH        SBLT       WBRT      WBTH      WBLT       NBRT       NBTH       NBLT      EBRT       EBTH       EBLT


  0300-0315            8           170        15         19        16        11         20         224        15         20         27         13
  0315-0330            7           180        20         22        23        17         28         212        14         21         21         12
  0330-0345            7           197        24         24        18        25         31         228        16         16         20         14
  0345-0400            4           199        16         18        15        24         32         220        18         22         31         11
  0400-0415            6           184        13         13        21        20         35         267        15         24         32         11
  0415-0430            4           206        17         16        24        19         36         289        14         23         30         15
  0430-0445            8           215        19         14        15        17         34         284        14         21         25         12
  0445-0500            10          211        12         21        18        15         36         246        15         22         27         14
  0500-0515            5           208        12         25        19        21         43         286        19         31         28         16
  0515-0530            7           222        18         23        26        24         37         255        17         24         35         19
  0530-0545            10          219        19         20        22        20         38         271        21         23         32         18
  0545-0600            9           184        15         26        20        22         34         270        23         22         31         20


   1 HOUR         1            2          3          4         5         6          7          8          9         10         11         12
   TOTALS       SBRT         SBTH        SBLT       WBRT      WBTH      WBLT       NBRT       NBTH       NBLT      EBRT       EBTH       EBLT       TOTALS


  0300-0400            26          746        75         83        72        77         111        884        63         79         99         50     2365
  0315-0415            24          760        73         77        77        86         126        927        63         83     104            48     2448
  0330-0430            21          786        70         71        78        88         134    1004           63         85     113            51     2564
  0345-0445            22          804        65         61        75        80         137    1060           61         90     118            49     2622
  0400-0500            28          816        61         64        78        71         141    1086           58         90     114            52     2659
  0415-0515            27          840        60         76        76        72         149    1105           62         97     110            57     2731
  0430-0530            30          856        61         83        78        77         150    1071           65         98     115            61     2745
  0445-0545            32          860        61         89        85        80         154    1058           72     100        122            67     2780
  0500-0600            31          833        64         94        87        87         152    1082           80     100        126            73     2809

   P.M. PEAK HOUR                                                  31        833        64
      0500-0600


                                              73                                                                         94

                                              126                                                                        87
          SELMA AVENUE
                                              100                                                                        87




                                                                   80    1082           152


                                                                        VINE STREET
