WILTEC                                                                                  Phone: (626) 564-1944    Fax: (626) 564-0969
INTERSECTION TURNING MOVEMENT COUNT SUMMARY
                                                                                                                    INT. 70
CLIENT:                             KAKU ASSOCIATES
PROJECT:                            NBC UNIVERSAL COUNTS
DATE:                               TUESDAY NOVEMBER 14, 2006
PERIOD:                             7:00 AM TO 10:00 AM
INTERSECTION:            N/S        CAHUENGA BOULEVARD
                         E/W        HOLLYWOOD BOULEVARD

15 MIN COUNTS
                    1           2         3      4        5        6       7       8      9      10         11        12
PERIOD           SBRT       SBTH       SBLT   WBRT    WBTH      WBLT    NBRT   NBTH    NBLT    EBRT      EBTH       EBLT    TOTAL
700-715            76         206         8      4      218        4       4      62      5       2         96         7       692
715-730            87         232         5      7      244        3       6      76      0       3        119        12       794
730-745            96         287         1      4      250       13       5      99      3       6        129        12       905
745-800            86         343         8      7      251       10       2     135      5       3        115         9       974
800-815            79         333         5     19      242       19       8     173      5       7        133        13      1036
815-830            55         343         3      8      270       16       7     202      1       3        158        14      1080
830-845            39         312         3      9      253       11      12     229      4      11        163        19      1065
845-900            25         293         1     12      270       20      21     255      6       9        149        20      1081
900-915            30         275         7     16      222       20       2     201      0       3        146        10       932
915-930            30         250         4     11      193        5       3     165      0       4        120        18       803
930-945            29         284         9     10      179        7      13     169      5       5        141        20       871
945-1000           21         224         8      6      133        7      17     122      4       2        134        18       696
HOUR TOTALS
                     1          2         3      4        5        6       7       8      9      10         11        12
TIME             SBRT       SBTH       SBLT   WBRT    WBTH      WBLT    NBRT   NBTH    NBLT    EBRT      EBTH       EBLT    TOTAL
700-800            345       1068        22     22      963       30      17     372     13      14        459        40      3365
715-815            348       1195        19     37      987       45      21     483     13      19        496        46      3709
730-830            316       1306        17     38     1013       58      22     609     14      19        535        48      3995
745-845            259       1331        19     43     1016       56      29     739     15      24        569        55      4155
800-900            198       1281        12     48     1035       66      48     859     16      30        603        66      4262
815-915            149       1223        14     45     1015       67      42     887     11      26        616        63      4158
830-930            124       1130        15     48      938       56      38     850     10      27        578        67      3881
845-945            114       1102        21     49      864       52      39     790     11      21        556        68      3687
900-1000           110       1033        28     43      727       39      35     657      9      14        541        66      3302




           A.M. PEAK HOUR
                800-900                                                        48

                                      198     1281    12                       1035

                                                                               66



                                      66

HOLLYWOOD BOULEVARD                   603                        16    859     48

                                      30

                                                                CAHUENGA BOULEVARD
WILTEC                                                                                 Phone: (626) 564-1944    Fax: (626) 564-0969
INTERSECTION TURNING MOVEMENT COUNT SUMMARY
                                                                                                                   INT. 70
CLIENT:                            KAKU ASSOCIATES
PROJECT:                           NBC UNIVERSAL COUNTS
DATE:                              TUESDAY NOVEMBER 14, 2006
PERIOD:                            3:00 PM TO 6:00 PM
INTERSECTION:          N/S         CAHUENGA BOULEVARD
                       E/W         HOLLYWOOD BOULEVARD

15 MIN COUNTS
                   1           2         3      4        5        6       7       8      9      10         11        12
PERIOD          SBRT       SBTH       SBLT   WBRT    WBTH      WBLT    NBRT   NBTH    NBLT    EBRT      EBTH       EBLT    TOTAL
300-315            9         150         5      5      128        9      17     268     10       5        123        15       744
315-330           10         170         4     18      157       12       8     247      6       5        155        19       811
330-345           15         192         4      7      162       13      23     273      5       7        200        30       931
345-400           16         205         3     15      171        8      28     308      8      14        228        20      1024
400-415           15         174         1     17      155       14       8     347      1      12        231        37      1012
415-430           31         208         1     14      197        8      10     289      1      20        273        43      1095
430-445           19         216         6     16      181       15      22     293      1       6        252        28      1055
445-500           12         187         4     16      204       13      18     330      2       8        229        19      1042
500-515           13         176         1      9      190       17      13     310      0       6        205        34       974
515-530           24         213         0     16      185       19      11     330      1       8        235        29      1071
530-545           16         189         0     25      162        4       7     305      1       3        204        25       941
545-600           18         194         1     22      172        8      11     341      0       4        182        24       977
HOUR TOTALS
                   1           2         3      4        5        6       7       8      9      10         11        12
TIME            SBRT       SBTH       SBLT   WBRT    WBTH      WBLT    NBRT   NBTH    NBLT    EBRT      EBTH       EBLT    TOTAL
300-400           50         717        16     45      618       42      76    1096     29      31        706        84      3510
315-415           56         741        12     57      645       47      67    1175     20      38        814       106      3778
330-430           77         779         9     53      685       43      69    1217     15      53        932       130      4062
345-445           81         803        11     62      704       45      68    1237     11      52        984       128      4186
400-500           77         785        12     63      737       50      58    1259      5      46        985       127      4204
415-515           75         787        12     55      772       53      63    1222      4      40        959       124      4166
430-530           68         792        11     57      760       64      64    1263      4      28        921       110      4142
445-545           65         765         5     66      741       53      49    1275      4      25        873       107      4028
500-600           71         772         2     72      709       48      42    1286      2      21        826       112      3963




          P.M. PEAK HOUR
               400-500                                                        63

                                     77      785     12                       737

                                                                              50



                                     127

HOLLYWOOD BOULEVARD                  985                        5     1259    58

                                     46

                                                               CAHUENGA BOULEVARD
