WILTEC                                                                                Phone: (626) 564-1944    Fax: (626) 564-0969
INTERSECTION TURNING MOVEMENT COUNT SUMMARY

CLIENT:                             GIBSON TRANSPORTATION CONSULTING, INC.
PROJECT:                            HOLLYWOOD TRAFFIC COUNTS
DATE:                               WEDNESDAY APRIL 28, 2010
PERIOD:                             7:00 AM TO 10:00 AM
INTERSECTION:            N/S        CAHUENGA BOULEVARD
                         E/W        SUNSET BOULEVARD

15 MIN COUNTS
                    1           2         3      4        5      6       7       8      9      10         11        12
PERIOD           SBRT       SBTH       SBLT   WBRT    WBTH    WBLT    NBRT   NBTH    NBLT    EBRT      EBTH       EBLT    TOTAL
700-715            27         157        13      3      329      7       2      41      1       3        186        14       783
715-730            29         193         9      4      327      9       2      56      4       2        194        15       844
730-745            32         220        12      4      356      7       0      70      7       6        213        11       938
745-800            35         198        10      4      311      7       1     105      7       9        227        14       928
800-815            34         217        11      3      363      8       1      86      4       5        233        17       982
815-830            45         232        22      5      384      6       1      99      8       9        278        26      1115
830-845            33         225        12      8      337     21       1     127      2       6        244        22      1038
845-900            48         275        13     14      381     10       2     114      6      16        298        35      1212
900-915            27         254        16      6      327     15       1      88      2       5        264        24      1029
915-930            32         226         7     12      341     13       2     108      3      11        291        18      1064
930-945            24         199        10      3      297      3       1      78      9       4        255        18       901
945-1000           27         173         9      7      279      6       1      85      9       2        214        16       828
HOUR TOTALS
                     1          2         3      4        5      6       7       8      9      10         11        12
TIME             SBRT       SBTH       SBLT   WBRT    WBTH    WBLT    NBRT   NBTH    NBLT    EBRT      EBTH       EBLT    TOTAL
700-800            123        768        44     15     1323     30       5     272     19      20        820        54      3493
715-815            130        828        42     15     1357     31       4     317     22      22        867        57      3692
730-830            146        867        55     16     1414     28       3     360     26      29        951        68      3963
745-845            147        872        55     20     1395     42       4     417     21      29        982        79      4063
800-900            160        949        58     30     1465     45       5     426     20      36       1053       100      4347
815-815            153        986        63     33     1429     52       5     428     18      36       1084       107      4394
830-930            140        980        48     40     1386     59       6     437     13      38       1097        99      4343
845-945            131        954        46     35     1346     41       6     388     20      36       1108        95      4206
900-1000           110        852        42     28     1244     37       5     359     23      22       1024        76      3822




           A.M. PEAK HOUR
                815-815                                                      33

                                      153     986     63                     1429

                                                                             52



                                      107

SUNSET BOULEVARD                     1084                      18     428     5

                                      36

                                                              CAHUENGA BOULEVARD
WILTEC                                                                                Phone: (626) 564-1944    Fax: (626) 564-0969
INTERSECTION TURNING MOVEMENT COUNT SUMMARY

CLIENT:                            GIBSON TRANSPORTATION CONSULTING, INC.
PROJECT:                           HOLLYWOOD TRAFFIC COUNTS
DATE:                               28-Apr-10
PERIOD:                            3:00 PM TO 6:00 PM
INTERSECTION:           N/S        CAHUENGA BOULEVARD
                        E/W        SUNSET BOULEVARD

15 MIN COUNTS
                   1           2          3      4        5      6       7       8      9      10         11        12
PERIOD          SBRT       SBTH        SBLT   WBRT    WBTH    WBLT    NBRT   NBTH    NBLT    EBRT      EBTH       EBLT    TOTAL
300-315           23         113         13     12      292      6       9     147      7       5        283        43       953
315-330           24         128         18     11      276      7       8     143      3      21        362        34      1035
330-345           30         146         11     13      295      9       9     185      9      14        362        42      1125
345-400           23         152         11     19      308     12       6     187      4      16        349        22      1109
400-415           12         125         15     14      262      5       8     132      4       8        350        20       955
415-430           16         145         17     26      297     11      11     177      7       5        382        31      1125
430-445           17         118         21     12      263      5       4     163      7       6        344        28       988
445-500           13         122         13     26      308     15       6     158      9       5        352        37      1064
500-515           18         140          5     28      310      7      11     199      3      17        398        23      1159
515-530           10         167         14     13      313      9       6     178      0       5        346        34      1095
530-545           13         190         11     18      288      9       6     205      5      11        384        38      1178
545-600           17         179         24     24      309      4       7     186     10       3        372        24      1159
HOUR TOTALS
                    1          2          3      4        5      6       7       8      9      10         11        12
TIME            SBRT       SBTH        SBLT   WBRT    WBTH    WBLT    NBRT   NBTH    NBLT    EBRT      EBTH       EBLT    TOTAL
300-400           100        539         53     55     1171     34      32     662     23      56       1356       141      4222
315-415            89        551         55     57     1141     33      31     647     20      59       1423       118      4224
330-430            81        568         54     72     1162     37      34     681     24      43       1443       115      4314
345-445            68        540         64     71     1130     33      29     659     22      35       1425       101      4177
400-500            58        510         66     78     1130     36      29     630     27      24       1428       116      4132
415-515            64        525         56     92     1178     38      32     697     26      33       1476       119      4336
430-530            58        547         53     79     1194     36      27     698     19      33       1440       122      4306
445-545            54        619         43     85     1219     40      29     740     17      38       1480       132      4496
500-600            58        676         54     83     1220     29      30     768     18      36       1500       119      4591




          P.M. PEAK HOUR
               500-600                                                       83

                                      58      676      54                    1220

                                                                             29



                                     119

SUNSET BOULEVARD                     1500                      18     768    30

                                      36

                                                              CAHUENGA BOULEVARD
