WILTEC                                                                                  Phone: (626) 564-1944    Fax: (626) 564-0969
INTERSECTION TURNING MOVEMENT COUNT SUMMARY
                                                                                                                    INT. 139
CLIENT:                             KAKU ASSOCIATES
PROJECT:                            NBC UNIVERSAL COUNTS
DATE:                               TUESDAY NOVEMBER 14, 2006
PERIOD:                             7:00 AM TO 10:00 AM
INTERSECTION:            N/S        CAHUENGA BOULEVARD
                         E/W        SUNSET BOULEVARD

15 MIN COUNTS
                    1           2         3      4        5        6       7       8      9      10         11        12
PERIOD           SBRT       SBTH       SBLT   WBRT    WBTH      WBLT    NBRT   NBTH    NBLT    EBRT      EBTH       EBLT    TOTAL
700-715            35         173        10      7      394        8       3      41      5       3        185        15       879
715-730            30         222         8      7      467       11       3      64      5       7        238        10      1072
730-745            33         287        11      5      434       16       4      78      5       7        244        17      1141
745-800            45         310        12      9      419       16       7     100      7      11        257        22      1215
800-815            34         259         7     14      408       10       1     137      7       9        226        32      1144
815-830            36         253        17     10      404       16       2     130      4       7        250        33      1162
830-845            42         282        11      8      354       13       1     160      5       9        280        33      1198
845-900            39         253        15     11      396       24       4     156     11      11        307        41      1268
900-915            41         271        18      7      350       23       4     128      6      22        251        30      1151
915-930            42         249        14     11      353       20       8     100      9      22        308        35      1171
930-945            48         200        20     12      356       20       4     111     10      18        246        24      1069
945-1000           36         208        17     11      347       15       3      75     13      14        244        22      1005
HOUR TOTALS
                     1          2         3      4        5        6       7       8      9      10         11        12
TIME             SBRT       SBTH       SBLT   WBRT    WBTH      WBLT    NBRT   NBTH    NBLT    EBRT      EBTH       EBLT    TOTAL
700-800            143        992        41     28     1714       51      17     283     22      28        924        64      4307
715-815            142       1078        38     35     1728       53      15     379     24      34        965        81      4572
730-830            148       1109        47     38     1665       58      14     445     23      34        977       104      4662
745-845            157       1104        47     41     1585       55      11     527     23      36       1013       120      4719
800-900            151       1047        50     43     1562       63       8     583     27      36       1063       139      4772
815-915            158       1059        61     36     1504       76      11     574     26      49       1088       137      4779
830-930            164       1055        58     37     1453       80      17     544     31      64       1146       139      4788
845-945            170        973        67     41     1455       87      20     495     36      73       1112       130      4659
900-1000           167        928        69     41     1406       78      19     414     38      76       1049       111      4396




           A.M. PEAK HOUR
                830-930                                                        37

                                      164     1055    58                       1453

                                                                               80



                                      139

SUNSET BOULEVARD                     1146                        31    544     17

                                      64

                                                                CAHUENGA BOULEVARD
WILTEC                                                                                 Phone: (626) 564-1944    Fax: (626) 564-0969
INTERSECTION TURNING MOVEMENT COUNT SUMMARY
                                                                                                                   INT. 139
CLIENT:                            KAKU ASSOCIATES
PROJECT:                           NBC UNIVERSAL COUNTS
DATE:                              TUESDAY NOVEMBER 14, 2006
PERIOD:                            3:00 PM TO 6:00 PM
INTERSECTION:           N/S        CAHUENGA BOULEVARD
                        E/W        SUNSET BOULEVARD

15 MIN COUNTS
                   1           2         3      4        5        6       7       8      9      10         11        12
PERIOD          SBRT       SBTH       SBLT   WBRT    WBTH      WBLT    NBRT   NBTH    NBLT    EBRT      EBTH       EBLT    TOTAL
300-315           32         135        20     14      246        5      20     147     22      18        278        34       971
315-330           29         148        16     14      264        9      21     198     15      11        300        27      1052
330-345           25         143        18     13      294       11      16     213      9      17        264        39      1062
345-400           30         186        15     12      286       14      22     266      8      19        313        38      1209
400-415           26         148        14     14      245       12      18     234      7      11        312        39      1080
415-430           27         149        15     22      274       14      15     226     20      18        299        41      1120
430-445           24         131        14     20      224       11      15     215     14      19        375        59      1121
445-500           31         151        19     12      247       12      19     265     11      10        352        40      1169
500-515           28         124        16     31      286       15      20     201     11      15        379        64      1190
515-530           33         142        24     24      288       11      28     224      8      17        395        45      1239
530-545           26         153        14     27      285       14      22     180      8      12        346        48      1135
545-600           22         164        23     20      283       16      23     200     12      17        363        50      1193
HOUR TOTALS
                    1          2         3       4       5        6       7       8      9      10         11        12
TIME            SBRT       SBTH       SBLT   WBRT    WBTH      WBLT    NBRT   NBTH    NBLT    EBRT      EBTH       EBLT    TOTAL
300-400           116        612        69      53    1090       39      79     824     54      65       1155       138      4294
315-415           110        625        63      53    1089       46      77     911     39      58       1189       143      4403
330-430           108        626        62      61    1099       51      71     939     44      65       1188       157      4471
345-445           107        614        58      68    1029       51      70     941     49      67       1299       177      4530
400-500           108        579        62      68     990       49      67     940     52      58       1338       179      4490
415-515           110        555        64      85    1031       52      69     907     56      62       1405       204      4600
430-530           116        548        73      87    1045       49      82     905     44      61       1501       208      4719
445-545           118        570        73      94    1106       52      89     870     38      54       1472       197      4733
500-600           109        583        77     102    1142       56      93     805     39      61       1483       207      4757




          P.M. PEAK HOUR
               500-600                                                        102

                                     109     583     77                       1142

                                                                              56



                                     207

SUNSET BOULEVARD                    1483                        39    805     93

                                     61

                                                               CAHUENGA BOULEVARD
