INTERSECTION TURNING MOVEMENT COUNT SUMMARY

CLIENT:                     CRAIN & ASSOCIATES
PROJECT:                    MILLENIUM PROJECT - HOLLYWOOD
DATE:                       TUESDAY, APRIL 26, 2011
PERIOD:                     07:00 AM TO 10:00 AM
INTERSECTION:    N/S        ARGYLE AVENUE
                E/W         YUCCA STREET
FILE NUMBER:                 8-AM


  15 MINUTE       1            2          3          4          5           6          7          8          9          10         11         12
   TOTALS       SBRT         SBTH        SBLT       WBRT       WBTH       WBLT        NBRT       NBTH       NBLT       EBRT       EBTH       EBLT


  0700-0715            18          20           1          3          5          0           1        19           2          4          1          9
  0715-0730            22          30           0          5          8          0           1        23           3          7          2         13
  0730-0745            24          32           1          6          8          1           0        20           4         10          2         15
  0745-0800            22          35           3        13         10           2           2        25           2         10          4         19
  0800-0815            20          30           1        10           9          4           1        37           4         13          5         15
  0815-0830            32          49           0          5        16           3           3        30           2         11          8         22
  0830-0845            28          53           0          8        16           3           0        44           3         17         10         18
  0845-0900            37          65           0          8        19           2           3        43           4         19         15         27
  0900-0915            32          60           0          5        10           3           0        46           6         20         10         24
  0915-0930            29          58           1          6        14           7           0        37           3         17          5         27
  0930-0945            27          55           1          5        12           5           0        47           3         21          4         19
  0945-1000            21          41           1          4          8          4           1        45           3         22          3         13


   1 HOUR         1            2          3          4          5           6          7          8          9          10         11         12
   TOTALS       SBRT         SBTH        SBLT       WBRT       WBTH       WBLT        NBRT       NBTH       NBLT       EBRT       EBTH       EBLT       TOTALS


  0700-0800            86          117          5        27         31           3           4        87         11          31          9         56      467
  0715-0815            88          127          5        34         35           7           4        105        13          40         13         62      533
  0730-0830            98          146          5        34         43          10           6        112        12          44         19         71      600
  0745-0845           102          167          4        36         51          12           6        136        11          51         27         74      677
  0800-0900           117          197          1        31         60          12           7        154        13          60         38         82      772
  0815-0915           129          227          0        26         61          11           6        163        15          67         43         91      839
  0830-0930           126          236          1        27         59          15           3        170        16          73         40         96      862
  0845-0945           125          238          2        24         55          17           3        173        16          77         34         97      861
  0900-1000           109          214          3        20         44          19           1        175        15          80         22         83      785

   A.M. PEAK HOUR                                                   126         236          1
      0830-0930


                                              96                                                                             27

                                              40                                                                             59
          YUCCA STREET
                                              73                                                                             15




                                                                    16          170          3


                                                                          ARGYLE AVENUE
INTERSECTION TURNING MOVEMENT COUNT SUMMARY

CLIENT:                     CRAIN & ASSOCIATES
PROJECT:                    MILLENIUM PROJECT - HOLLYWOOD
DATE:                       TUESDAY, APRIL 26, 2011
PERIOD:                     03:00 PM TO 06:00 PM
INTERSECTION:    N/S        ARGYLE AVENUE
                E/W         YUCCA STREET
FILE NUMBER:                 8-PM


  15 MINUTE       1            2          3          4          5           6          7          8          9          10         11         12
   TOTALS       SBRT         SBTH        SBLT       WBRT       WBTH       WBLT        NBRT       NBTH       NBLT       EBRT       EBTH       EBLT


  0300-0315            11          34           5          9        10           5           5        70         11          13         12         59
  0315-0330            19          40         10           8          8          2           3        77         10          11         14         46
  0330-0345            25          36           9          5          9          3           4        81           9         13         16         44
  0345-0400            16          29           5          6        11           2           3        70           5          9         13         40
  0400-0415            14          28           3          9        10           3           4        103          9         13         23         58
  0415-0430            18          32           2          8        11           2           5        105          8         10         19         67
  0430-0445            18          39           2          8        10           1           3        106        11          11         18         48
  0445-0500            21          25           2        12         12           2           2        104        10          14         12         57
  0500-0515            15          32           3        11           8          1           1        135        15          19         15         54
  0515-0530            18          25           2        12         10           1           2        120        10          18         18         52
  0530-0545            23          26           4        10         11           1           3        137          9         23         20         52
  0545-0600            24          17           3          9          7          1           2        144        10          18         20         58


   1 HOUR         1            2          3          4          5           6          7          8          9          10         11         12
   TOTALS       SBRT         SBTH        SBLT       WBRT       WBTH       WBLT        NBRT       NBTH       NBLT       EBRT       EBTH       EBLT       TOTALS


  0300-0400            71          139        29         28         38          12         15         298        35          46         55     189         955
  0315-0415            74          133        27         28         38          10         14         331        33          46         66     188         988
  0330-0430            73          125        19         28         41          10         16         359        31          45         71     209        1027
  0345-0445            66          128        12         31         42           8         15         384        33          43         73     213        1048
  0400-0500            71          124          9        37         43           8         14         418        38          48         72     230        1112
  0415-0515            72          128          9        39         41           6         11         450        44          54         64     226        1144
  0430-0530            72          121          9        43         40           5           8        465        46          62         63     211        1145
  0445-0545            77          108        11         45         41           5           8        496        44          74         65     215        1189
  0500-0600            80          100        12         42         36           4           8        536        44          78         73     216        1229

   P.M. PEAK HOUR                                                   80          100        12
      0500-0600


                                              216                                                                            42

                                              73                                                                             36
          YUCCA STREET
                                              78                                                                              4




                                                                    44          536          8


                                                                          ARGYLE AVENUE
