INTERSECTION TURNING MOVEMENT COUNT SUMMARY

CLIENT:                     CRAIN & ASSOCIATES
PROJECT:                    MILLENIUM PROJECT - HOLLYWOOD
DATE:                       THURSDAY, MARCH 31, 2011
PERIOD:                     07:00 AM TO 10:00 AM
INTERSECTION:    N/S        CAHUENGA BOULEVARD
                E/W         YUCCA STREET
FILE NUMBER:                 5-AM


  15 MINUTE       1            2          3          4          5          6          7          8          9          10         11         12
   TOTALS       SBRT         SBTH        SBLT       WBRT       WBTH       WBLT       NBRT       NBTH       NBLT       EBRT       EBTH       EBLT


  0700-0715            3           182          4          9          3          5          3        43           0          1          0          2
  0715-0730            5           254          8          9          4          5          2        60           0          1          2          4
  0730-0745            7           327        14         11           6          6          2        73           0          0          2          3
  0745-0800            5           352        19         19           4          8          3        86           0          0          4          5
  0800-0815            7           359        19         23           7          9          4        100          3          3          6          8
  0815-0830            11          325        16         15           5          5          5        120          4          6          7         11
  0830-0845            9           364        18         16           7          6          2        157          2          3          8         10
  0845-0900            6           318        18         11         10         11           4        167          2          2          6         10
  0900-0915            7           340        10         17         10           7          7        144          2          5          9         13
  0915-0930            7           328        18         25           8          5          5        121          3          3          8         16
  0930-0945            6           319        13         22         10           5          8        141          3          4         12         13
  0945-1000            7           312        19         17           9          3          5        119          4          8          5          7


   1 HOUR         1            2          3          4          5          6          7          8          9          10         11         12
   TOTALS       SBRT         SBTH        SBLT       WBRT       WBTH       WBLT       NBRT       NBTH       NBLT       EBRT       EBTH       EBLT       TOTALS


  0700-0800            20      1115           45         48         17         24         10         262          0          2          8         14     1565
  0715-0815            24      1292           60         62         21         28         11         319          3          4         14         20     1858
  0730-0830            30      1363           68         68         22         28         14         379          7          9         19         27     2034
  0745-0845            32      1400           72         73         23         28         14         463          9         12         25         34     2185
  0800-0900            33      1366           71         65         29         31         15         544        11          14         27         39     2245
  0815-0915            33      1347           62         59         32         29         18         588        10          16         30         44     2268
  0830-0930            29      1350           64         69         35         29         18         589          9         13         31         49     2285
  0845-0945            26      1305           59         75         38         28         24         573        10          14         35         52     2239
  0900-1000            27      1299           60         81         37         20         25         525        12          20         34         49     2189

   A.M. PEAK HOUR                                                   29     1350           64
      0830-0930


                                              49                                                                            69

                                              31                                                                            35
          YUCCA STREET
                                              13                                                                            29




                                                                      9        589        18


                                                                    CAHUENGA BOULEVARD
INTERSECTION TURNING MOVEMENT COUNT SUMMARY

CLIENT:                     CRAIN & ASSOCIATES
PROJECT:                    MILLENIUM PROJECT - HOLLYWOOD
DATE:                       THURSDAY, MARCH 31, 2011
PERIOD:                     03:00 PM TO 06:00 PM
INTERSECTION:    N/S        CAHUENGA BOULEVARD
                E/W         YUCCA STREET
FILE NUMBER:                 5-PM


  15 MINUTE       1            2          3          4          5          6          7          8          9          10         11         12
   TOTALS       SBRT         SBTH        SBLT       WBRT       WBTH       WBLT       NBRT       NBTH       NBLT       EBRT       EBTH       EBLT


  0300-0315            9           152        12         27         10           6        10         249        19           8         12         20
  0315-0330            7           180        16         38         10           7        10         245        16           7         10         28
  0330-0345            9           161        19         36         11           5        11         268        12           8         10         35
  0345-0400            6           163        16         39           8          3        17         261        10           5         13         20
  0400-0415            8           159        20         48         12           4        12         274        14           6         10         26
  0415-0430            5           170        19         56         10           6          7        313        12           7         12         29
  0430-0445            8           164        16         42         15           4          7        308        10           4          7         38
  0445-0500            8           153        15         58         15           8          8        300        10           6         13         26
  0500-0515            7           150        18         65         16           4        10         318          7          5         10         36
  0515-0530            12          160        19         54         14           6          8        305        12           4         15         42
  0530-0545            7           177        18         65         18           7          8        321        13           3         16         42
  0545-0600            5           169        25         62         10           5        11         292        14           6         12         32


   1 HOUR         1            2          3          4          5          6          7          8          9          10         11         12
   TOTALS       SBRT         SBTH        SBLT       WBRT       WBTH       WBLT       NBRT       NBTH       NBLT       EBRT       EBTH       EBLT       TOTALS


  0300-0400            31          656        63         140        39         21         48     1023           57          28         45     103        2254
  0315-0415            30          663        71         161        41         19         50     1048           52          26         43     109        2313
  0330-0430            28          653        74         179        41         18         47     1116           48          26         45     110        2385
  0345-0445            27          656        71         185        45         17         43     1156           46          22         42     113        2423
  0400-0500            29          646        70         204        52         22         34     1195           46          23         42     119        2482
  0415-0515            28          637        68         221        56         22         32     1239           39          22         42     129        2535
  0430-0530            35          627        68         219        60         22         33     1231           39          19         45     142        2540
  0445-0545            34          640        70         242        63         25         34     1244           42          18         54     146        2612
  0500-0600            31          656        80         246        58         22         37     1236           46          18         53     152        2635

   P.M. PEAK HOUR                                                   31         656        80
      0500-0600


                                              152                                                                       246

                                              53                                                                            58
          YUCCA STREET
                                              18                                                                            22




                                                                    46     1236           37


                                                                    CAHUENGA BOULEVARD
