INTERSECTION TURNING MOVEMENT COUNT SUMMARY

CLIENT:                    CRAIN & ASSOCIATES
PROJECT:                   MILLENIUM PROJECT - HOLLYWOOD
DATE:                      THURSDAY, APRIL 28, 2011
PERIOD:                    07:00 AM TO 10:00 AM
INTERSECTION:   N/S        GOWER STREET
                E/W        HOLLYWOOD BOULEVARD
FILE NUMBER:                14-AM


  15 MINUTE      1            2          3          4          5           6          7          8          9          10         11         12
   TOTALS       SBRT        SBTH        SBLT       WBRT       WBTH       WBLT        NBRT       NBTH       NBLT       EBRT       EBTH       EBLT


  0700-0715           30          114        10           3        136         17         10         33           2          2         69          2
  0715-0730           40          129        17           6        176         24         11         49           7          3         73          4
  0730-0745           47          141        22           9        195         27           5        63           7          6         97          7
  0745-0800           51          143        23           9        218         23         12         54           6          8     117            12
  0800-0815           53          150        23           5        226         26         13         61           8          9     119            12
  0815-0830           60          141        28           6        219         21         13         64           5         13     128            13
  0830-0845           65          162        23           4        210         20         18         79           6         11     121            12
  0845-0900           71          185        19           6        217         22         17         72           5         16     102            10
  0900-0915           75          185        14           8        221         27         12         60           8         15         93         11
  0915-0930           56          150        10           7        228         21         12         62           8         10         97         11
  0930-0945           76          167        10           5        220         22         16         57         13          15     109            12
  0945-1000           61          155        16           3        221         19         16         63         12           9     111            11


   1 HOUR        1            2          3          4          5           6          7          8          9          10         11         12
   TOTALS       SBRT        SBTH        SBLT       WBRT       WBTH       WBLT        NBRT       NBTH       NBLT       EBRT       EBTH       EBLT       TOTALS


  0700-0800          168          527        72         27         725         91         38         199        22          19     356            25     2269
  0715-0815          191          563        85         29         815         100        41         227        28          26     406            35     2546
  0730-0830          211          575        96         29         858         97         43         242        26          36     461            44     2718
  0745-0845          229          596        97         24         873         90         56         258        25          41     485            49     2823
  0800-0900          249          638        93         21         872         89         61         276        24          49     470            47     2889
  0815-0915          271          673        84         24         867         90         60         275        24          55     444            46     2913
  0830-0930          267          682        66         25         876         90         59         273        27          52     413            44     2874
  0845-0945          278          687        53         26         886         92         57         251        34          56     401            44     2865
  0900-1000          268          657        50         23         890         89         56         242        41          49     410            45     2820

   A.M. PEAK HOUR                                                  271         673        84
      0815-0915


                                             46                                                                             24

                                             444                                                                        867
   HOLLYWOOD BOULEVARD
                                             55                                                                             90




                                                                   24          275        60


                                                                         GOWER STREET
INTERSECTION TURNING MOVEMENT COUNT SUMMARY

CLIENT:                    CRAIN & ASSOCIATES
PROJECT:                   MILLENIUM PROJECT - HOLLYWOOD
DATE:                      THURSDAY, APRIL 28, 2011
PERIOD:                    03:00 PM TO 06:00 PM
INTERSECTION:   N/S        GOWER STREET
                E/W        HOLLYWOOD BOULEVARD
FILE NUMBER:                14-PM


  15 MINUTE      1            2          3          4          5           6          7          8          9         10         11      12
   TOTALS       SBRT        SBTH        SBLT       WBRT       WBTH       WBLT        NBRT       NBTH       NBLT      EBRT       EBTH    EBLT


  0300-0315           30          116        12           9        151         17         27         111        19         15     221         22
  0315-0330           33          108        18           8        167         15         20         135        13         10     238         27
  0330-0345           37          111        16         13         155         19         17         142        10         14     206         21
  0345-0400           40          138        18         13         163         19         24         121        14         10     204         33
  0400-0415           30          102        15         18         196         12         33         147        16         18     216         30
  0415-0430           34          93         10         14         180         18         25         136        11         15     238         25
  0430-0445           27          101        12         14         225         15         22         147        14          9     240         25
  0445-0500           24          102        15         18         188         19         20         129        10         10     229         26
  0500-0515           35          135        19         16         200         16         28         159        16         15     261         23
  0515-0530           20          127        19         10         187         14         21         195        23         18     266         25
  0530-0545           21          96         17         15         208         16         24         173        17         11     244         30
  0545-0600           25          85         16         13         194         16         21         168        10         19     233         23


   1 HOUR        1            2          3          4          5           6          7          8          9         10         11      12
   TOTALS       SBRT        SBTH        SBLT       WBRT       WBTH       WBLT        NBRT       NBTH       NBLT      EBRT       EBTH    EBLT       TOTALS


  0300-0400          140          473        64         43         636         70         88         509        56         49     869     103        3100
  0315-0415          140          459        67         52         681         65         94         545        53         52     864     111        3183
  0330-0430          141          444        59         58         694         68         99         546        51         57     864     109        3190
  0345-0445          131          434        55         59         764         64         104        551        55         52     898     113        3280
  0400-0500          115          398        52         64         789         64         100        559        51         52     923     106        3273
  0415-0515          120          431        56         62         793         68         95         571        51         49     968         99     3363
  0430-0530          106          465        65         58         800         64         91         630        63         52     996         99     3489
  0445-0545          100          460        70         59         783         65         93         656        66         54    1000     104        3510
  0500-0600          101          443        71         54         789         62         94         695        66         63    1004     101        3543

   P.M. PEAK HOUR                                                  101         443        71
      0500-0600


                                             101                                                                           54

                                         1004                                                                          789
   HOLLYWOOD BOULEVARD
                                             63                                                                            62




                                                                   66          695        94


                                                                         GOWER STREET
