WILTEC                                                                                 Phone: (626) 564-1944    Fax: (626) 564-0969
INTERSECTION TURNING MOVEMENT COUNT SUMMARY
                                                                                                                   INT. 152
CLIENT:                             KAKU ASSOCIATES
PROJECT:                            NBC UNIVERSAL COUNTS
DATE:                               THURSDAY NOVEMBER 9, 2006
PERIOD:                             7:00 AM TO 10:00 AM
INTERSECTION:           N/S         LANKERSHIM BOULEVARD
                        E/W         CHANDLER BOULEVARD

15 MIN COUNTS
                    1           2         3      4       5         6      7       8      9      10        11         12
PERIOD           SBRT       SBTH       SBLT   WBRT    WBTH      WBLT   NBRT   NBTH    NBLT    EBRT      EBTH       EBLT    TOTAL
700-715             8         222        11     21      15         6      9      57      7      15        13         21      405
715-730            21         272         8     14      14         7      5      73      3      14        27         50      508
730-745            11         276         5     22      23        16     10      80      6      24        28         63      564
745-800            16         297         6     23      23        10     15     106      2      28        45         58      629
800-815             5         316         5     28      14        10      8     104      1      30        34         35      590
815-830             5         327         8     37      16         6      7      95      1      26        21         23      572
830-845             1         306         0     28       7         7      7     109      2      24        24         30      545
845-900             1         312         8     18      14         9     11      87      7      25        41         18      551
900-915             1         287         3     19       5         4      7      97      2      38        29         25      517
915-930             2         267         8     18       5         5      4      84      8      31        20         28      480
930-945             3         242         4     14       7         3      7      89      3      21        16         10      419
945-1000            0         266         9     16       9         3      6     119      4      14        19         11      476
HOUR TOTALS
                    1           2         3       4      5         6      7       8      9       10        11        12
TIME             SBRT       SBTH       SBLT   WBRT    WBTH      WBLT   NBRT   NBTH    NBLT    EBRT      EBTH       EBLT    TOTAL
700-800            56        1067        30      80     75        39     39     316     18       81       113       192      2106
715-815            53        1161        24      87     74        43     38     363     12       96       134       206      2291
730-830            37        1216        24     110     76        42     40     385     10      108       128       179      2355
745-845            27        1246        19     116     60        33     37     414      6      108       124       146      2336
800-900            12        1261        21     111     51        32     33     395     11      105       120       106      2258
815-915             8        1232        19     102     42        26     32     388     12      113       115        96      2185
830-930             5        1172        19      83     31        25     29     377     19      118       114       101      2093
845-945             7        1108        23      69     31        21     29     357     20      115       106        81      1967
900-1000            6        1062        24      67     26        15     24     389     17      104        84        74      1892




           A.M. PEAK HOUR
                730-830                                                       110

                                      37      1216    24                      76

                                                                              42



                                      179

CHANDLER BOULEVARD                    128                       10     385    40

                                      108

                                                             LANKERSHIM BOULEVARD
WILTEC                                                                                Phone: (626) 564-1944    Fax: (626) 564-0969
INTERSECTION TURNING MOVEMENT COUNT SUMMARY
                                                                                                                  INT. 152
CLIENT:                            KAKU ASSOCIATES
PROJECT:                           NBC UNIVERSAL COUNTS
DATE:                              THURSDAY NOVEMBER 9, 2006
PERIOD:                            3:00 PM TO 6:00 PM
INTERSECTION:          N/S         LANKERSHIM BOULEVARD
                       E/W         CHANDLER BOULEVARD

15 MIN COUNTS
                   1           2         3      4       5         6      7       8      9      10        11         12
PERIOD          SBRT       SBTH       SBLT   WBRT    WBTH      WBLT   NBRT   NBTH    NBLT    EBRT      EBTH       EBLT    TOTAL
300-315            3          97        10      9       5        10      4     106      5      19        27         24      319
315-330            1         135        11     32      36        12      7     111     14      18        30         22      429
330-345            2         162         5     23      34         8     12     145     10      21        34         41      497
345-400            5         161         6     30      26         7      9     137      5      27        45         61      519
400-415            4         132        11     20      15        10     15     159     15      25        39         51      496
415-430            5         166         6     20      17        14     15     172      8      16        41         48      528
430-445            3         153        18     27      25        16     16     163     10      29        21         24      505
445-500            1         196        10     17      12         5     11     186     12      22        24         53      549
500-515            3         152        11     30      22        16     11     156      6      14        31         36      488
515-530            6         179        11     20      38         6     12     193     10      23        37         44      579
530-545            5         154        19     18      15         7     10     167     13      26        39         48      521
545-600            3         135        14      7      10        12     13     167      7      15        31         23      437
HOUR TOTALS
                   1           2         3       4       5        6      7       8      9      10         11        12
TIME            SBRT       SBTH       SBLT   WBRT    WBTH      WBLT   NBRT   NBTH    NBLT    EBRT      EBTH       EBLT    TOTAL
300-400           11         555        32      94     101       37     32     499     34      85        136       148      1764
315-415           12         590        33     105     111       37     43     552     44      91        148       175      1941
330-430           16         621        28      93      92       39     51     613     38      89        159       201      2040
345-445           17         612        41      97      83       47     55     631     38      97        146       184      2048
400-500           13         647        45      84      69       45     57     680     45      92        125       176      2078
415-515           12         667        45      94      76       51     53     677     36      81        117       161      2070
430-530           13         680        50      94      97       43     50     698     38      88        113       157      2121
445-545           15         681        51      85      87       34     44     702     41      85        131       181      2137
500-600           17         620        55      75      85       41     46     683     36      78        138       151      2025




          P.M. PEAK HOUR
               445-545                                                       85

                                     15      681     51                      87

                                                                             34



                                     181

CHANDLER BOULEVARD                   131                       41     702    44

                                     85

                                                             LANKERSHIM BOULEVARD
