WILTEC                                                                                 Phone: (626) 564-1944    Fax: (626) 564-0969
INTERSECTION TURNING MOVEMENT COUNT SUMMARY
                                                                                                                   INT. 6
CLIENT:                             KAKU ASSOCIATES
PROJECT:                            NBC UNIVERSAL COUNTS
DATE:                               THURSDAY NOVEMBER 9, 2006
PERIOD:                             7:00 AM TO 10:00 AM
INTERSECTION:            N/S        LANKERSHIM BOULEVARD
                         E/W        MAGNOLIA BOULEVARD

15 MIN COUNTS
                    1           2         3      4        5        6      7      8       9      10         11        12
PERIOD           SBRT       SBTH       SBLT   WBRT    WBTH      WBLT   NBRT   NBTH    NBLT    EBRT      EBTH       EBLT     TOTAL
700-715            18         156        19     14      116        5      9     51      22      22         76        21       529
715-730            31         220        26     19      125       12      8     53      28      51        103        21       697
730-745            34         293        30     23      155        5     13     61      29      37        120        26       826
745-800            27         264        29     21      139       15     18     68      25      62        136        31       835
800-815            13         287        26     34      172       16     13     75      21      52        137        28       874
815-830            19         296        32     16      159        9     10     59      19      46        156        28       849
830-845            15         288        31     14      184       11     15     63      18      57        124        31       851
845-900            16         279        41     20      161       19     18     71      24      70        164        35       918
900-915            11         267        44     20      152       23     13     65      29      60        156        42       882
915-930             9         246        25     15      131       10     17     72      17      43        120        22       727
930-945             8         244        25     19      132       21     15     70      14      46         92        18       704
945-1000           10         230        40     18      144       18     25     74      17      49        137        27       789
HOUR TOTALS
                     1          2         3      4        5        6      7       8      9       10        11        12
TIME             SBRT       SBTH       SBLT   WBRT    WBTH      WBLT   NBRT   NBTH    NBLT    EBRT      EBTH       EBLT     TOTAL
700-800            110        933       104     77      535       37     48     233    104      172       435        99       2887
715-815            105       1064       111     97      591       48     52     257    103      202       496       106       3232
730-830             93       1140       117     94      625       45     54     263     94      197       549       113       3384
745-845             74       1135       118     85      654       51     56     265     83      217       553       118       3409
800-900             63       1150       130     84      676       55     56     268     82      225       581       122       3492
815-915             61       1130       148     70      656       62     56     258     90      233       600       136       3500
830-930             51       1080       141     69      628       63     63     271     88      230       564       130       3378
845-945             44       1036       135     74      576       73     63     278     84      219       532       117       3231
900-1000            38        987       134     72      559       72     70     281     77      198       505       109       3102




           A.M. PEAK HOUR
                815-915                                                       70

                                      61      1130    148                     656

                                                                              62



                                      136

MAGNOLIA BOULEVARD                    600                       90     258    56

                                      233

                                                              LANKERSHIM BOULEVARD
WILTEC                                                                                 Phone: (626) 564-1944    Fax: (626) 564-0969
INTERSECTION TURNING MOVEMENT COUNT SUMMARY
                                                                                                                   INT. 6
CLIENT:                            KAKU ASSOCIATES
PROJECT:                           NBC UNIVERSAL COUNTS
DATE:                              THURSDAY NOVEMBER 9, 2006
PERIOD:                            3:00 PM TO 6:00 PM
INTERSECTION:           N/S        LANKERSHIM BOULEVARD
                        E/W        MAGNOLIA BOULEVARD

15 MIN COUNTS
                   1           2         3      4        5        6      7        8      9      10         11        12
PERIOD          SBRT       SBTH       SBLT   WBRT    WBTH      WBLT   NBRT    NBTH    NBLT    EBRT      EBTH       EBLT     TOTAL
300-315           23         113        18     24      206       21     30       80     35      49        159        25       783
315-330           37         117        27     29      216       19     25       95     29      35        145        24       798
330-345           40         120        26     21      240       29     24       84     25      53        186        36       884
345-400           31         118        21     29      246       30     20      100     30      46        149        43       863
400-415           40         122        23     37      231       20     24      117     33      57        168        40       912
415-430           44         121        23     26      252       17     22      101     32      58        175        31       902
430-445           41         134        33     37      253       30     24      137     41      34        157        24       945
445-500           35         126        24     38      233       20     23      135     43      41        109        46       873
500-515           35         118        25     45      233       31     28      108     28      63        144        43       901
515-530           34         123        40     31      241       34     23      120     37      50        164        37       934
530-545           33         118        25     30      258       33     30      120     47      39        167        48       948
545-600           44         116        38     28      243       22     36      136     45      61        176        38       983
HOUR TOTALS
                    1          2         3       4       5        6       7       8      9       10        11        12
TIME            SBRT       SBTH       SBLT   WBRT    WBTH      WBLT   NBRT    NBTH    NBLT    EBRT      EBTH       EBLT     TOTAL
300-400           131        468        92     103     908       99      99     359    119      183       639       128       3328
315-415           148        477        97     116     933       98      93     396    117      191       648       143       3457
330-430           155        481        93     113     969       96      90     402    120      214       678       150       3561
345-445           156        495       100     129     982       97      90     455    136      195       649       138       3622
400-500           160        503       103     138     969       87      93     490    149      190       609       141       3632
415-515           155        499       105     146     971       98      97     481    144      196       585       144       3621
430-530           145        501       122     151     960      115      98     500    149      188       574       150       3653
445-545           137        485       114     144     965      118     104     483    155      193       584       174       3656
500-600           146        475       128     134     975      120     117     484    157      213       651       166       3766




          P.M. PEAK HOUR
               500-600                                                        134

                                     146     475     128                      975

                                                                              120



                                     166

MAGNOLIA BOULEVARD                   651                       157    484     117

                                     213

                                                             LANKERSHIM BOULEVARD
