WILTEC                                                                                   Phone: (626) 564-1944    Fax: (626) 564-0969
INTERSECTION TURNING MOVEMENT COUNT SUMMARY
                                                                                                                     INT. 24
CLIENT:                             KAKU ASSOCIATES
PROJECT:                            NBC UNIVERSAL COUNTS
DATE:                               THURSDAY NOVEMBER 16, 2006
PERIOD:                             7:00 AM TO 10:00 AM
INTERSECTION:            N/S        CAHUENGA BOULEVARD
                         E/W        W. MAGNOLIA BLVD

15 MIN COUNTS
                    1           2         3      4        5         6      7        8      9      10         11        12
PERIOD           SBRT       SBTH       SBLT   WBRT    WBTH       WBLT   NBRT    NBTH    NBLT    EBRT      EBTH       EBLT    TOTAL
700-715            21         114        27     14       80        15     13       84     15      30        120        18      551
715-730            38         151        21     16       91        17     17      124     28      48        148        21      720
730-745            30         168        23     25      106        26     19      123     29      42        163        23      777
745-800            36         191        25     24      125        31     24      127     30      41        154        25      833
800-815            15         195        22     19      133        29     23      137     26      42        164        17      822
815-830            28         214        24     14      135        34     24      136     37      40        167        15      868
830-845            19         212        26     21      138        25     17      154     22      25        171        13      843
845-900            20         200        24     11      149        20     25      148     29      46        189        19      880
900-915            20         192        32     17      139        19     26      138     20      28        171        21      823
915-930            18         178        22     12      131        18     31      129     23      37        181        13      793
930-945            28         164        26     17      132        17     20      120     26      22        167        21      760
945-1000           24         172        26     24      120        20     30      134     35      39        178        18      820
HOUR TOTALS
                     1          2         3      4        5         6       7       8      9       10        11        12
TIME             SBRT       SBTH       SBLT   WBRT    WBTH       WBLT   NBRT    NBTH    NBLT    EBRT      EBTH       EBLT    TOTAL
700-800            125        624        96     79      402        89      73     458    102      161       585        87      2881
715-815            119        705        91     84      455       103      83     511    113      173       629        86      3152
730-830            109        768        94     82      499       120      90     523    122      165       648        80      3300
745-845             98        812        97     78      531       119      88     554    115      148       656        70      3366
800-900             82        821        96     65      555       108      89     575    114      153       691        64      3413
815-915             87        818       106     63      561        98      92     576    108      139       698        68      3414
830-930             77        782       104     61      557        82      99     569     94      136       712        66      3339
845-945             86        734       104     57      551        74     102     535     98      133       708        74      3256
900-1000            90        706       106     70      522        74     107     521    104      126       697        73      3196




           A.M. PEAK HOUR
                815-915                                                         63

                                      87      818     106                       561

                                                                                98



                                      68

W. MAGNOLIA BLVD                      698                        108    576     92

                                      139

                                                              CAHUENGA BOULEVARD
WILTEC                                                                                  Phone: (626) 564-1944    Fax: (626) 564-0969
INTERSECTION TURNING MOVEMENT COUNT SUMMARY
                                                                                                                    INT. 24
CLIENT:                            KAKU ASSOCIATES
PROJECT:                           NBC UNIVERSAL COUNTS
DATE:                              THURSDAY NOVEMBER 16, 2006
PERIOD:                            3:00 PM TO 6:00 PM
INTERSECTION:           N/S        CAHUENGA BOULEVARD
                        E/W        W. MAGNOLIA BLVD

15 MIN COUNTS
                   1           2         3      4        5         6      7        8      9      10         11        12
PERIOD          SBRT       SBTH       SBLT   WBRT    WBTH       WBLT   NBRT    NBTH    NBLT    EBRT      EBTH       EBLT    TOTAL
300-315           11         130        20     25      135        25     33      142     31      38        161        22      773
315-330           19         126        20     26      136        18     40      155     46      27        163        19      795
330-345           25         149        22     35      148        23     33      169     45      32        178        37      896
345-400           26         126        33     26      142        27     38      173     47      30        190        31      889
400-415           20         142        19     28      162        20     44      174     41      32        194        28      904
415-430           20         137        31     28      175        27     44      167     43      34        189        35      930
430-445           22         137        25     29      174        33     32      177     44      36        182        51      942
445-500           24         128        26     29      175        24     42      151     41      30        186        23      879
500-515           31         122        38     35      171        33     33      158     40      33        181        28      903
515-530           23         132        20     24      169        13     44      149     50      37        179        50      890
530-545           22         123        24     32      146        19     37      135     41      26        175        55      835
545-600           16         132        18     30      144        18     31      134     39      28        174        22      786
HOUR TOTALS
                    1          2         3       4       5         6       7       8      9       10        11        12
TIME            SBRT       SBTH       SBLT   WBRT    WBTH       WBLT   NBRT    NBTH    NBLT    EBRT      EBTH       EBLT    TOTAL
300-400            81        531        95     112     561        93     144     639    169      127       692       109      3353
315-415            90        543        94     115     588        88     155     671    179      121       725       115      3484
330-430            91        554       105     117     627        97     159     683    176      128       751       131      3619
345-445            88        542       108     111     653       107     158     691    175      132       755       145      3665
400-500            86        544       101     114     686       104     162     669    169      132       751       137      3655
415-515            97        524       120     121     695       117     151     653    168      133       738       137      3654
430-530           100        519       109     117     689       103     151     635    175      136       728       152      3614
445-545           100        505       108     120     661        89     156     593    172      126       721       156      3507
500-600            92        509       100     121     630        83     145     576    170      124       709       155      3414




          P.M. PEAK HOUR
               345-445                                                         111

                                     88      542     108                       653

                                                                               107



                                     145

W. MAGNOLIA BLVD                     755                        175    691     158

                                     132

                                                             CAHUENGA BOULEVARD
