WILTEC                                                                               Phone: (626) 564-1944    Fax: (626) 564-0969
INTERSECTION TURNING MOVEMENT COUNT SUMMARY
                                                                                                                 INT. 41
CLIENT:                            KAKU ASSOCIATES
PROJECT:                           NBC UNIVERSAL COUNTS
DATE:                              WEDNESDAY NOVEMBER 15, 2006
PERIOD:                            7:00 AM TO 10:00 AM
INTERSECTION:           N/S        FORMAN AVENUE
                        E/W        RIVERSIDE DRIVE

15 MIN COUNTS
                    1          2         3      4       5      6         7      8      9      10         11        12
PERIOD           SBRT       SBTH      SBLT   WBRT   WBTH    WBLT      NBRT   NBTH   NBLT    EBRT      EBTH       EBLT    TOTAL
700-715            11          0        14      5     180      4         3      1      2       1        176         6      403
715-730            11          3         7      6     214      0         2      2      2       1        212         2      462
730-745            12          2        13      5     232      2         8      1      4       5        237         3      524
745-800            16          6        16      7     248      3         4      8      1       1        257         2      569
800-815            17          2        11      2     241      4         8      1      2       5        258         6      557
815-830            12          6        13      3     233      7         9      3      2       4        302         4      598
830-845            13          3        17     10     229     12        15      1      6       4        308         5      623
845-900            13          5        26     13     220      4         8      8      5       7        286        11      606
900-915            23          7        28     15     226      6        14      7      8      10        295        10      649
915-930            12          3        23      9     218      6        16      7      8      12        293        10      617
930-945            12          4        24     13     219      3        13      5      9       9        252         8      571
945-1000           10          5        19     20     185      9        20     14      7       9        247         6      551
HOUR TOTALS
                    1          2         3      4       5      6         7      8      9      10         11        12
TIME             SBRT       SBTH      SBLT   WBRT   WBTH    WBLT      NBRT   NBTH   NBLT    EBRT      EBTH       EBLT    TOTAL
700-800            50         11        50     23     874      9        17     12      9       8        882        13      1958
715-815            56         13        47     20     935      9        22     12      9      12        964        13      2112
730-830            57         16        53     17     954     16        29     13      9      15       1054        15      2248
745-845            58         17        57     22     951     26        36     13     11      14       1125        17      2347
800-900            55         16        67     28     923     27        40     13     15      20       1154        26      2384
815-915            61         21        84     41     908     29        46     19     21      25       1191        30      2476
830-930            61         18        94     47     893     28        53     23     27      33       1182        36      2495
845-945            60         19       101     50     883     19        51     27     30      38       1126        39      2443
900-1000           57         19        94     57     848     24        63     33     32      40       1087        34      2388




           A.M. PEAK HOUR
                830-930                                                      47

                                     61      18      94                      893

                                                                             28



                                     36

RIVERSIDE DRIVE                     1182                     27       23     53

                                     33

                                                                 FORMAN AVENUE
WILTEC                                                                              Phone: (626) 564-1944    Fax: (626) 564-0969
INTERSECTION TURNING MOVEMENT COUNT SUMMARY
                                                                                                                INT. 41
CLIENT:                           KAKU ASSOCIATES
PROJECT:                          NBC UNIVERSAL COUNTS
DATE:                             WEDNESDAY NOVEMBER 15, 2006
PERIOD:                           3:00 PM TO 6:00 PM
INTERSECTION:          N/S        FORMAN AVENUE
                       E/W        RIVERSIDE DRIVE

15 MIN COUNTS
                   1          2         3      4       5      6         7      8      9      10         11        12
PERIOD          SBRT       SBTH      SBLT   WBRT   WBTH    WBLT      NBRT   NBTH   NBLT    EBRT      EBTH       EBLT    TOTAL
300-315           17          7        27     17     231      9        18     17     14       2        193         9      561
315-330           12          5        22     15     237      4        13      7      9       8        187        14      533
330-345           14         11        22     18     268      8        18     12      9       8        193        11      592
345-400            9         10        25     26     269      6        18     13     19       6        195        10      606
400-415           15          3        26     22     290      5        20     12     21       6        233         9      662
415-430           12          6        10     13     288     12        26     10     23       5        234        13      652
430-445            9          2        13     19     323     10        17     10     21       5        239         8      676
445-500           11          5        24     29     309     11        19     21     15       7        236        15      702
500-515           19          6        22     14     314      6        22     47     22       6        205         7      690
515-530           14          6        13      8     284      3        10     14     21       3        200        11      587
530-545           14          9        14     15     283     10        19     12     18       9        172        14      589
545-600            6          7        18     23     276     10        23      7     19       3        175        12      579
HOUR TOTALS
                   1          2         3      4       5      6         7      8      9      10         11        12
TIME            SBRT       SBTH      SBLT   WBRT   WBTH    WBLT      NBRT   NBTH   NBLT    EBRT      EBTH       EBLT    TOTAL
300-400           52         33        96     76    1005     27        67     49     51      24        768        44      2292
315-415           50         29        95     81    1064     23        69     44     58      28        808        44      2393
330-430           50         30        83     79    1115     31        82     47     72      25        855        43      2512
345-445           45         21        74     80    1170     33        81     45     84      22        901        40      2596
400-500           47         16        73     83    1210     38        82     53     80      23        942        45      2692
415-515           51         19        69     75    1234     39        84     88     81      23        914        43      2720
430-530           53         19        72     70    1230     30        68     92     79      21        880        41      2655
445-545           58         26        73     66    1190     30        70     94     76      25        813        47      2568
500-600           53         28        67     60    1157     29        74     80     80      21        752        44      2445




          P.M. PEAK HOUR
               415-515                                                      75

                                    51      19      69                      1234

                                                                            39



                                    43

RIVERSIDE DRIVE                     914                     81       88     84

                                    23

                                                                FORMAN AVENUE
