WILTEC                                                                                  Phone: (626) 564-1944    Fax: (626) 564-0969
INTERSECTION TURNING MOVEMENT COUNT SUMMARY
                                                                                                                    INT. 30
CLIENT:                             KAKU ASSOCIATES
PROJECT:                            NBC UNIVERSAL COUNTS
DATE:                               THURSDAY NOVEMBER 16, 2006
PERIOD:                             7:00 AM TO 10:00 AM
INTERSECTION:            N/S        CAHUENGA BOULEVARD
                         E/W        MOORPARK WAY

15 MIN COUNTS
                    1           2         3      4       5          6      7       8      9      10        11         12
PERIOD           SBRT       SBTH       SBLT   WBRT    WBTH       WBLT   NBRT   NBTH    NBLT    EBRT      EBTH       EBLT    TOTAL
700-715            38         176         3      3      43         13     12     101      7      14        26         12      448
715-730            37         215         1      3      75         21      9     129      5       6        54         25      580
730-745            30         238         3      0      60         13      9     125      6      11        59         43      597
745-800            39         253         2      4      73         29     15     150     21       9        75         40      710
800-815            45         261         1      2      53         15     14     148     12      15        64         31      661
815-830            28         259         3      1      65         25     20     162     10      11        99         22      705
830-845            37         239         4      3      65         43     12     168      8      17        76         22      694
845-900            24         246         5     10      70         24     21     164     17       6        77         28      692
900-915            26         234         7      2      28         22     24     155     15       8        81         17      619
915-930            19         235         2      5      82         25     20     166     17      14        90         27      702
930-945            18         182         1      1      42         14     17     156      6       7        66         15      525
945-1000           14         171         2      3      22          7     14     158      8      12        84         17      512
HOUR TOTALS
                     1          2         3      4        5         6      7       8      9      10         11        12
TIME             SBRT       SBTH       SBLT   WBRT    WBTH       WBLT   NBRT   NBTH    NBLT    EBRT      EBTH       EBLT    TOTAL
700-800            144        882         9     10      251        76     45     505     39      40        214       120      2335
715-815            151        967         7      9      261        78     47     552     44      41        252       139      2548
730-830            142       1011         9      7      251        82     58     585     49      46        297       136      2673
745-845            149       1012        10     10      256       112     61     628     51      52        314       115      2770
800-900            134       1005        13     16      253       107     67     642     47      49        316       103      2752
815-915            115        978        19     16      228       114     77     649     50      42        333        89      2710
830-930            106        954        18     20      245       114     77     653     57      45        324        94      2707
845-945             87        897        15     18      222        85     82     641     55      35        314        87      2538
900-1000            77        822        12     11      174        68     75     635     46      41        321        76      2358




           A.M. PEAK HOUR
                745-845                                                        10

                                      149     1012    10                       256

                                                                               112



                                      115

MOORPARK WAY                          314                        51     628    61

                                      52

                                                              CAHUENGA BOULEVARD
WILTEC                                                                                  Phone: (626) 564-1944    Fax: (626) 564-0969
INTERSECTION TURNING MOVEMENT COUNT SUMMARY
                                                                                                                    INT. 30
CLIENT:                            KAKU ASSOCIATES
PROJECT:                           NBC UNIVERSAL COUNTS
DATE:                              THURSDAY NOVEMBER 16, 2006
PERIOD:                            3:00 PM TO 6:00 PM
INTERSECTION:           N/S        CAHUENGA BOULEVARD
                        E/W        MOORPARK STREET

15 MIN COUNTS
                   1           2         3      4        5         6      7        8      9      10        11         12
PERIOD          SBRT       SBTH       SBLT   WBRT    WBTH       WBLT   NBRT    NBTH    NBLT    EBRT      EBTH       EBLT    TOTAL
300-315           19         124         4      4       40        14     27      183     12       6        61         24      518
315-330           34         154        14      7       47        14     21      204     11       4        59         27      596
330-345           21         154         5      3       37        14     16      185      8       2        77         27      549
345-400           19         162         5      2       47        24     20      195     13       2        72         41      602
400-415           35         166        11      8       51        14     31      204     11       4        91         33      659
415-430           31         166         6      3       50        12     10      215     11       2        54         22      582
430-445           32         172         7      6       62        19     35      204      4       2        86         29      658
445-500           23         175         5      6       89        17     11      200      7       2        51         40      626
500-515           34         184         0      4      102        16     26      206      8       2        87         28      697
515-530           27         180         5     10      113        25     21      208      9       2        64         25      689
530-545           19         167        10      2      104        24     28      207     11       8        80         33      693
545-600           23         172         6      3       77        21     37      203      8       2        64         24      640
HOUR TOTALS
                    1          2         3      4        5         6       7       8      9      10         11        12
TIME            SBRT       SBTH       SBLT   WBRT    WBTH       WBLT   NBRT    NBTH    NBLT    EBRT      EBTH       EBLT    TOTAL
300-400            93        594        28     16      171        66      84     767     44      14        269       119      2265
315-415           109        636        35     20      182        66      88     788     43      12        299       128      2406
330-430           106        648        27     16      185        64      77     799     43      10        294       123      2392
345-445           117        666        29     19      210        69      96     818     39      10        303       125      2501
400-500           121        679        29     23      252        62      87     823     33      10        282       124      2525
415-515           120        697        18     19      303        64      82     825     30       8        278       119      2563
430-530           116        711        17     26      366        77      93     818     28       8        288       122      2670
445-545           103        706        20     22      408        82      86     821     35      14        282       126      2705
500-600           103        703        21     19      396        86     112     824     36      14        295       110      2719




          P.M. PEAK HOUR
               500-600                                                         19

                                     103     703     21                        396

                                                                               86



                                     110

MOORPARK STREET                      295                        36     824     112

                                     14

                                                             CAHUENGA BOULEVARD
