WILTEC                                                                                Phone: (626) 564-1944    Fax: (626) 564-0969
INTERSECTION TURNING MOVEMENT COUNT SUMMARY
                                                                                                                  INT. 20
CLIENT:                             KAKU ASSOCIATES
PROJECT:                            NBC UNIVERSAL COUNTS
DATE:                               WEDNESDAY NOVEMBER 15, 2006
PERIOD:                             7:00 AM TO 10:00 AM
INTERSECTION:            N/S        LANKERSHIM BOULEVARD
                         E/W        MOORPARK STREET

15 MIN COUNTS
                    1           2         3      4       5       6       7       8      9      10         11        12
PERIOD           SBRT       SBTH       SBLT   WBRT   WBTH     WBLT    NBRT   NBTH    NBLT    EBRT      EBTH       EBLT    TOTAL
700-715            36         233         4      2     109       3       1      48      9      20         88        10      563
715-730            54         270         3      3     137       8       1      54     14      32        115        10      701
730-745            58         289         1      4     154      10       2      77     10      49        102        15      771
745-800            62         293         5      5     159       7       5      93     17      39        110        25      820
800-815            55         309         4      3     135       9       8     109     26      48        114        19      839
815-830            41         341         3      4     146       6       5      98     13      55        122        15      849
830-845            48         373         7      6     141      11       3      89     18      82        135        29      942
845-900            41         348         4      6     136      22       9      90     16      70        153        16      911
900-915            47         313         9      6     117       9       9      81     10      73        129        32      835
915-930            48         340         8      2     128      15       7     104     29      88        133        29      931
930-945            48         303         3      8     124       3       7      95     16      72        119        30      828
945-1000           37         289         3      7      95       5       6      84     14      97        102        19      758
HOUR TOTALS
                     1          2         3      4       5       6       7       8      9       10        11        12
TIME             SBRT       SBTH       SBLT   WBRT   WBTH     WBLT    NBRT   NBTH    NBLT    EBRT      EBTH       EBLT    TOTAL
700-800            210       1085        13     14     559      28       9     272     50      140       415        60      2855
715-815            229       1161        13     15     585      34      16     333     67      168       441        69      3131
730-830            216       1232        13     16     594      32      20     377     66      191       448        74      3279
745-845            206       1316        19     18     581      33      21     389     74      224       481        88      3450
800-900            185       1371        18     19     558      48      25     386     73      255       524        79      3541
815-915            177       1375        23     22     540      48      26     358     57      280       539        92      3537
830-930            184       1374        28     20     522      57      28     364     73      313       550       106      3619
845-945            184       1304        24     22     505      49      32     370     71      303       534       107      3505
900-1000           180       1245        23     23     464      32      29     364     69      330       483       110      3352




           A.M. PEAK HOUR
                830-930                                                      20

                                      184     1374    28                     522

                                                                             57



                                      106

MOORPARK STREET                       550                     73     364     28

                                      313

                                                             LANKERSHIM BOULEVARD
WILTEC                                                                               Phone: (626) 564-1944    Fax: (626) 564-0969
INTERSECTION TURNING MOVEMENT COUNT SUMMARY
                                                                                                                 INT. 20
CLIENT:                            KAKU ASSOCIATES
PROJECT:                           NBC UNIVERSAL COUNTS
DATE:                              WEDNESDAY NOVEMBER 15, 2006
PERIOD:                            3:00 PM TO 6:00 PM
INTERSECTION:           N/S        LANKERSHIM BOULEVARD
                        E/W        MOORPARK STREET

15 MIN COUNTS
                   1           2         3      4       5       6       7       8      9      10         11        12
PERIOD          SBRT       SBTH       SBLT   WBRT   WBTH     WBLT    NBRT   NBTH    NBLT    EBRT      EBTH       EBLT    TOTAL
300-315           38         148         8      9     107      13       6     188     29      23        110        18      697
315-330           34         154         2      8     120       6       6     182     32      18         97        15      674
330-345           38         151         5      4     121       5       3     148     26      17         99        19      636
345-400           41         140         6      4     129       9       6     176     24      30        124        27      716
400-415           49         165         6      9     148       5       6     168     43      17        104        23      743
415-430           45         143         3     10     126       2      11     203     36      31        127        38      775
430-445           46         132         5      2     140       8       9     179     23      21        103        25      693
445-500           50         151         8      5     143       7       5     184     32      24         94        17      720
500-515           52         150         6      7     161       8       2     197     34      26        119        23      785
515-530           72         164         9     11     207       6      13     207     28      18        105        19      859
530-545           47         153         6      8     189       9       1     238     49      21        122        32      875
545-600           62         183         8     11     180       9      14     210     37      17        120        20      871
HOUR TOTALS
                    1          2         3      4       5       6       7       8      9       10        11        12
TIME            SBRT       SBTH       SBLT   WBRT   WBTH     WBLT    NBRT   NBTH    NBLT    EBRT      EBTH       EBLT    TOTAL
300-400           151        593        21     25     477      33      21     694    111       88       430        79      2723
315-415           162        610        19     25     518      25      21     674    125       82       424        84      2769
330-430           173        599        20     27     524      21      26     695    129       95       454       107      2870
345-445           181        580        20     25     543      24      32     726    126       99       458       113      2927
400-500           190        591        22     26     557      22      31     734    134       93       428       103      2931
415-515           193        576        22     24     570      25      27     763    125      102       443       103      2973
430-530           220        597        28     25     651      29      29     767    117       89       421        84      3057
445-545           221        618        29     31     700      30      21     826    143       89       440        91      3239
500-600           233        650        29     37     737      32      30     852    148       82       466        94      3390




          P.M. PEAK HOUR
               500-600                                                      37

                                     233     650     29                     737

                                                                            32



                                     94

MOORPARK STREET                      466                     148    852     30

                                     82

                                                            LANKERSHIM BOULEVARD
