WILTEC                                                                                  Phone: (626) 564-1944    Fax: (626) 564-0969
INTERSECTION TURNING MOVEMENT COUNT SUMMARY
                                                                                                                    INT. 14
CLIENT:                             KAKU ASSOCIATES
PROJECT:                            NBC UNIVERSAL COUNTS
DATE:                               TUESDAY NOVEMBER 28, 2006
PERIOD:                             7:00 AM TO 10:00 AM
INTERSECTION:            N/S        VINELAND AVENUE
                         E/W        VENTURA BOULEVARD

15 MIN COUNTS
                    1          2          3      4        5        6      7       8       9      10         11        12
PERIOD           SBRT       SBTH       SBLT   WBRT    WBTH      WBLT   NBRT    NBTH    NBLT    EBRT      EBTH       EBLT    TOTAL
700-715            68         19         62     10       86        5      7      12      11       4        170        30      484
715-730            54         48        106     12      127        5      1      14       7       7        159        31      571
730-745            65         68        126     16      152        3      1      27      13      14        234        54      773
745-800            82         62        123     10      146       13      6      28       9      24        247        73      823
800-815            81         85        141     12      121       10      2      33      13      12        293        52      855
815-830            51         75        117     17      124       12      4      20      16      20        279        78      813
830-845            70         96        158     19      145       15      7      27       4      15        246        55      857
845-900            66         64        137     19      124       10     12      31      12      24        279        91      869
900-915            66         67        143     18      149       16      5      32       7      13        296        96      908
915-930            64         40        101     22      126        7      6      26      12      19        284        70      777
930-945            60         39         98     27      138       16      4      26      14       6        201        66      695
945-1000           80         38         89     20      150       16      2      16      11       9        214        70      715
HOUR TOTALS
                     1          2         3      4        5        6      7        8      9      10         11        12
TIME             SBRT       SBTH       SBLT   WBRT    WBTH      WBLT   NBRT    NBTH    NBLT    EBRT      EBTH       EBLT    TOTAL
700-800            269        197       417     48      511       26     15       81     40      49        810       188      2651
715-815            282        263       496     50      546       31     10      102     42      57        933       210      3022
730-830            279        290       507     55      543       38     13      108     51      70       1053       257      3264
745-845            284        318       539     58      536       50     19      108     42      71       1065       258      3348
800-900            268        320       553     67      514       47     25      111     45      71       1097       276      3394
815-915            253        302       555     73      542       53     28      110     39      72       1100       320      3447
830-930            266        267       539     78      544       48     30      116     35      71       1105       312      3411
845-945            256        210       479     86      537       49     27      115     45      62       1060       323      3249
900-1000           270        184       431     87      563       55     17      100     44      47        995       302      3095




           A.M. PEAK HOUR
                815-915                                                        73

                                      253     302     555                     542

                                                                               53



                                      320

VENTURA BOULEVARD                    1100                       39     110     28

                                      72

                                                                 VINELAND AVENUE
WILTEC                                                                                 Phone: (626) 564-1944    Fax: (626) 564-0969
INTERSECTION TURNING MOVEMENT COUNT SUMMARY
                                                                                                                   INT. 14
CLIENT:                            KAKU ASSOCIATES
PROJECT:                           NBC UNIVERSAL COUNTS
DATE:                              TUESDAY NOVEMBER 28, 2006
PERIOD:                            3:00 PM TO 6:00 PM
INTERSECTION:           N/S        VINELAND AVENUE
                        E/W        VENTURA BOULEVARD

15 MIN COUNTS
                    1         2          3      4        5        6      7       8       9      10         11        12
PERIOD          SBRT       SBTH       SBLT   WBRT    WBTH      WBLT   NBRT    NBTH    NBLT    EBRT      EBTH       EBLT    TOTAL
300-315           107        31         29     35      183       14      8      42      18      10        183       108      768
315-330            89        29         43     50      194       26      5      43      10      21        234       105      849
330-345            81        32         34     36      198       10      3      36      17      14        223        93      777
345-400           110        31         35     49      212        9      5      25      19      11        200        89      795
400-415            89        40         35     42      229       17      2      33      26      21        191        88      813
415-430            76        28         25     41      203       11      5      49      10      13        249        97      807
430-445            93        47         37     43      263       13      1      26      16      21        189        86      835
445-500            79        35         34     55      235       18      4      48      12      12        151        60      743
500-515            84        39         56     48      239       18      8      54      14      13        198        93      864
515-530           107        54         64     55      238       32      5      42      18      14        192        99      920
530-545            97        52        106     52      243       14      8      55      22      13        225        86      973
545-600            80        54        142     55      248       16      4      52      19      19        191        74      954
HOUR TOTALS
                    1          2         3       4       5        6      7        8      9      10         11        12
TIME            SBRT       SBTH       SBLT   WBRT    WBTH      WBLT   NBRT    NBTH    NBLT    EBRT      EBTH       EBLT    TOTAL
300-400           387        123       141     170     787       59     21      146     64      56        840       395      3189
315-415           369        132       147     177     833       62     15      137     72      67        848       375      3234
330-430           356        131       129     168     842       47     15      143     72      59        863       367      3192
345-445           368        146       132     175     907       50     13      133     71      66        829       360      3250
400-500           337        150       131     181     930       59     12      156     64      67        780       331      3198
415-515           332        149       152     187     940       60     18      177     52      59        787       336      3249
430-530           363        175       191     201     975       81     18      170     60      60        730       338      3362
445-545           367        180       260     210     955       82     25      199     66      52        766       338      3500
500-600           368        199       368     210     968       80     25      203     73      59        806       352      3711




          P.M. PEAK HOUR
               500-600                                                       210

                                     368     199     368                     968

                                                                              80



                                     352

VENTURA BOULEVARD                    806                       73     203     25

                                     59

                                                                VINELAND AVENUE
