WILTEC                                                                                Phone: (626) 564-1944    Fax: (626) 564-0969
INTERSECTION TURNING MOVEMENT COUNT SUMMARY
                                                                                                                  INT. 38
CLIENT:                             KAKU ASSOCIATES
PROJECT:                            NBC UNIVERSAL COUNTS
DATE:                               THURSDAY NOVEMBER 2, 2006
PERIOD:                             7:00 AM TO 10:00 AM
INTERSECTION:            N/S        LANKERSHIM BOULEVARD
                         E/W        VENTURA BOULEVARD/ CAHUENGA BOULEVARD

15 MIN COUNTS
                     1         2         3      4       5        6       7      8       9      10         11        12
PERIOD           SBRT       SBTH      SBLT   WBRT    WBTH     WBLT    NBRT   NBTH    NBLT    EBRT      EBTH       EBLT    TOTAL
700-715             98        13       145     53      40        1       8      9       7       1        209        16      600
715-730            127        16       155     51      56        0      11     11       6       0        203        23      659
730-745            119        14       223     47      46        3      13     24       5       5        221        30      750
745-800            134        22       252     60      55        7      14     12       6       4        299        26      891
800-815            131        29       223     60      76        3      23     20      15       1        303        30      914
815-830            151        17       219     59      72        0      10     14       6       6        318        25      897
830-845            143        28       249     60      69        0      19     21       9       7        262        27      894
845-900            169        32       223     72      57        8      29     32       5       3        313        34      977
900-915            128        18       197     83      75        6      31     38      16       5        270        26      893
915-930            124        16       168     68      55        1      10     17       6       3        276        25      769
930-945            150        19       156     72      57        1      10     14       2       7        213        25      726
945-1000           150        12       175     94      68        3      18     17       7       5        192        26      767
HOUR TOTALS
                     1          2        3       4       5       6       7       8      9      10         11        12
TIME             SBRT       SBTH      SBLT   WBRT    WBTH     WBLT    NBRT   NBTH    NBLT    EBRT      EBTH       EBLT    TOTAL
700-800            478         65      775     211     197      11      46      56     24      10        932        95      2900
715-815            511         81      853     218     233      13      61      67     32      10       1026       109      3214
730-830            535         82      917     226     249      13      60      70     32      16       1141       111      3452
745-845            559         96      943     239     272      10      66      67     36      18       1182       108      3596
800-900            594        106      914     251     274      11      81      87     35      17       1196       116      3682
815-915            591         95      888     274     273      14      89     105     36      21       1163       112      3661
830-930            564         94      837     283     256      15      89     108     36      18       1121       112      3533
845-945            571         85      744     295     244      16      80     101     29      18       1072       110      3365
900-1000           552         65      696     317     255      11      69      86     31      20        951       102      3155




           A.M. PEAK HOUR
                800-900                                                      251

                                      594    106     914                     274

                                                                             11



                                      116

VENTURA BOULEVARD/ CAHUEN            1196                     35      87     81

                                      17

                                                             LANKERSHIM BOULEVARD
WILTEC                                                                             Phone: (626) 564-1944    Fax: (626) 564-0969
INTERSECTION TURNING MOVEMENT COUNT SUMMARY
                                                                                                               INT. 38
CLIENT:                           KAKU ASSOCIATES
PROJECT:                          NBC UNIVERSAL COUNTS
DATE:                             THURSDAY NOVEMBER 2, 2006
PERIOD:                           3:00 PM TO 6:00 PM
INTERSECTION:           N/S       LANKERSHIM BOULEVARD
                        E/W       VENTURA BOULEVARD/ CAHUENGA

15 MIN COUNTS
                    1         2        3       4       5       6       7      8      9      10         11        12
PERIOD          SBRT       SBTH     SBLT   WBRT    WBTH     WBLT    NBRT   NBTH   NBLT    EBRT      EBTH       EBLT    TOTAL
300-315           116        15      117     106     110       6      18     21      8       5        143        25      690
315-330           115        19      110     114     101       4      11     17      9      10        162        32      704
330-345           113        28      116     118     114      12      14     21      5       7        164        21      733
345-400           105        29      123     119     107      14      13     15      9       5        167        39      745
400-415            97        18      124      80     147       8       9     29     12       4        169        31      728
415-430           106        19      121     109     133       6      12     19      5       9        140        28      707
430-445           112        16      112     113     132       8      12     32      6       5        199        35      782
445-500           122        17      123     135     150       7      12     16      9       8        191        35      825
500-515           151        17      163     123     164      10      11     29      9       5        187        32      901
515-530           129        24      135     136     161      16       9     16      9       8        177        29      849
530-545           137        27      180     131     170      39       6     28     14       8        183        34      957
545-600           129        27      169     113     142      36       9     10     10       6        180        32      863
HOUR TOTALS
                    1         2        3       4       5       6       7      8      9      10         11        12
TIME            SBRT       SBTH     SBLT   WBRT    WBTH     WBLT    NBRT   NBTH   NBLT    EBRT      EBTH       EBLT    TOTAL
300-400           449        91      466     457     432      36      56     74     31      27        636       117      2872
315-415           430        94      473     431     469      38      47     82     35      26        662       123      2910
330-430           421        94      484     426     501      40      48     84     31      25        640       119      2913
345-445           420        82      480     421     519      36      46     95     32      23        675       133      2962
400-500           437        70      480     437     562      29      45     96     32      26        699       129      3042
415-515           491        69      519     480     579      31      47     96     29      27        717       130      3215
430-530           514        74      533     507     607      41      44     93     33      26        754       131      3357
445-545           539        85      601     525     645      72      38     89     41      29        738       130      3532
500-600           546        95      647     503     637     101      35     83     42      27        727       127      3570




          P.M. PEAK HOUR
               500-600                                                     503

                                    546     95     647                     637

                                                                           101



                                    127

VENTURA BOULEVARD/ CAHUEN           727                     42      83     35

                                    27

                                                           LANKERSHIM BOULEVARD
