WILTEC                                                                                  Phone: (626) 564-1944    Fax: (626) 564-0969
INTERSECTION TURNING MOVEMENT COUNT SUMMARY
                                                                                                                    INT. 26
CLIENT:                             KAKU ASSOCIATES
PROJECT:                            NBC UNIVERSAL COUNTS
DATE:                               THURSDAY NOVEMBER 16, 2006
PERIOD:                             7:00 AM TO 10:00 AM
INTERSECTION:           N/S         CAHUENGA BOULEVARD
                        E/W         CAMARILLO STREET

15 MIN COUNTS
                    1           2         3      4        5         6      7       8      9      10         11        12
PERIOD           SBRT       SBTH       SBLT   WBRT    WBTH       WBLT   NBRT   NBTH    NBLT    EBRT      EBTH       EBLT    TOTAL
700-715             8         208        12      3       72        28     13      95      9      30         48        24      550
715-730            13         226         8      8       95        28     10     111      8      45         68        35      655
730-745             8         241         8      7      119        31     10     151     10      38         44        34      701
745-800            13         242        15      4      122        36     12     174     11      49         78        33      789
800-815            12         253        33     11      133        37     19     172     13      58        117        23      881
815-830             7         258        31      4      131        26     18     168     15      55        136        29      878
830-845            17         246        48      8      116        29     19     176     11      61        120        33      884
845-900             6         230        37      6      108        17     20     145     16      63        105        26      779
900-915             9         214        36      6      107        10      8      82     15      37         82        16      622
915-930             7         208        24      6       81        22     12     145     18      30         91        17      661
930-945             5         201        24      8       73        27     17      94     11      43         80        11      594
945-1000            8         189        24      5       61        21     17     166     10      26         50        10      587
HOUR TOTALS
                    1           2         3      4        5         6      7       8      9       10        11        12
TIME             SBRT       SBTH       SBLT   WBRT    WBTH       WBLT   NBRT   NBTH    NBLT    EBRT      EBTH       EBLT    TOTAL
700-800            42         917        43     22      408       123     45     531     38      162       238       126      2695
715-815            46         962        64     30      469       132     51     608     42      190       307       125      3026
730-830            40         994        87     26      505       130     59     665     49      200       375       119      3249
745-845            49         999       127     27      502       128     68     690     50      223       451       118      3432
800-900            42         987       149     29      488       109     76     661     55      237       478       111      3422
815-915            39         948       152     24      462        82     65     571     57      216       443       104      3163
830-930            39         898       145     26      412        78     59     548     60      191       398        92      2946
845-945            27         853       121     26      369        76     57     466     60      173       358        70      2656
900-1000           29         812       108     25      322        80     54     487     54      136       303        54      2464




           A.M. PEAK HOUR
                745-845                                                        27

                                      49      999     127                      502

                                                                               128



                                      118

CAMARILLO STREET                      451                        50     690    68

                                      223

                                                              CAHUENGA BOULEVARD
WILTEC                                                                                  Phone: (626) 564-1944    Fax: (626) 564-0969
INTERSECTION TURNING MOVEMENT COUNT SUMMARY
                                                                                                                    INT. 26
CLIENT:                            KAKU ASSOCIATES
PROJECT:                           NBC UNIVERSAL COUNTS
DATE:                              THURSDAY NOVEMBER 16, 2006
PERIOD:                            3:00 PM TO 6:00 PM
INTERSECTION:          N/S         CAHUENGA BOULEVARD
                       E/W         CAMARILLO STREET

15 MIN COUNTS
                   1           2         3      4        5         6      7        8      9      10        11         12
PERIOD          SBRT       SBTH       SBLT   WBRT    WBTH       WBLT   NBRT    NBTH    NBLT    EBRT      EBTH       EBLT    TOTAL
300-315           12         136        21      7       61        15     19      206     23      15        59         27      601
315-330            9         149        21      9       73        24     15      226     13      24        64         24      651
330-345           21         169        28     13       93        33     19      228     14      27        59         26      730
345-400           10         166        22      5      105        18     19      233     22      22        63         29      714
400-415           10         165        17      5      106        22     19      237     18      26        55         19      699
415-430           20         172        26      2       87        22     28      246     17      33        63         30      746
430-445           20         163        16      9       85        21     30      240     20      30        49         27      710
445-500           10         169        26      7       73        25     23      230     25      21        36         32      677
500-515            4         147        21      6       80        24     27      226     14      17        60         27      653
515-530           19         151        25      2       81        33     31      210     23      35        93         29      732
530-545           13         137        21      3       81        21     38      204     15      23        94         54      704
545-600            9         121        18      8       57        31     21      200     15      33        78         28      619
HOUR TOTALS
                   1           2         3      4        5         6       7       8      9       10        11        12
TIME            SBRT       SBTH       SBLT   WBRT    WBTH       WBLT   NBRT    NBTH    NBLT    EBRT      EBTH       EBLT    TOTAL
300-400           52         620        92     34      332        90      72     893     72       88       245       106      2696
315-415           50         649        88     32      377        97      72     924     67       99       241        98      2794
330-430           61         672        93     25      391        95      85     944     71      108       240       104      2889
345-445           60         666        81     21      383        83      96     956     77      111       230       105      2869
400-500           60         669        85     23      351        90     100     953     80      110       203       108      2832
415-515           54         651        89     24      325        92     108     942     76      101       208       116      2786
430-530           53         630        88     24      319       103     111     906     82      103       238       115      2772
445-545           46         604        93     18      315       103     119     870     77       96       283       142      2766
500-600           45         556        85     19      299       109     117     840     67      108       325       138      2708




          P.M. PEAK HOUR
               330-430                                                         25

                                     61      672     93                        391

                                                                               95



                                     104

CAMARILLO STREET                     240                        71     944     85

                                     108

                                                             CAHUENGA BOULEVARD
