WILTEC                                                                                                  Phone: (626) 564-1944     Fax: (626) 564-0969
5-LEG INTERSECTION TURNING MOVEMENT COUNT SUMMARY
                                                                                                                                  INT. 3
CLIENT:                KAKU ASSOCIATES
PROJECT:               NBC UNIVERSAL COUNTS
DATE:                  WEDNESDAY NOVEMBER 15, 2006
PERIOD:                7:00 A.M. TO 10:00 A.M.
INTERSECTION:   N/S    TUJUNGA AVENUE
                E/W    RIVERSIDE DRIVE/ CAMARILLO STREET

15 MIN COUNTS
          SB TUJUNGA                WB CAMARILLO             NWB RIVERSIDE           NB TUJUNGA              EB RIVERSIDE
PERIOD        A   B      C     D       E   F       G    H       I     J    K     L      M    N     O    P       Q    R       S      T       TOTALS
700-715      11  148     18     3     21  103      43    0      2    10    60   12       6   18    92    0      29  111      50     29         766
715-730      15  207     27     3     31  111      26    1      3    16    78   20      11   18   128    9      33  147      70     38         992
730-745      15  199     40     4     22  129      32    1      2    21  100    31      16   23   146    8      31  159      91     21        1091
745-800      26  153     65     6     25  143      22    0      4    39  109    10      18   23   134    2      20  182      99     16        1096
800-815      21  161     74    10     31  119      27    0      4    21    83   12      10   15   117    7      15  195     119     29        1070
815-830      15  129     86    14     30  122      36    1      3    34    78   17      11   10    94    5      24  203     136     27        1075
830-845      19  140    102    10     30   95      26    0      5    19    84   22      13   17    65    6      15  236     142     27        1073
845-900      16  115     88    11     26   98      19    0     27    13    73   17      17   22    76    4      17  265     139     42        1085
900-915      17  117     84    10     19   92       9    2     25    21    63   23      13   16    65    3      12  260     110     32         993
915-930      18  109     70     6     29   82      21    0     16    21    43   16      19   11    66    4      19  243     120     31         944
930-945      18  114     69     7     12   70      18    0      3    16    33   12      10   19    88    3      17  263     135     38         945
945-1000       9  97     46     6     16   53      22    1      9    13    59   13       7   13    69    3      33  191      93     22         775
HOUR TOTALS
          SB TUJUNGA                WB CAMARILLO             NWB RIVERSIDE           NB TUJUNGA              EB RIVERSIDE
PERIOD        A   B      C     D       E   F     G      H       I     J    K     L      M    N     O    P       Q    R       S      T       TOTALS
700-800      67  707    150    16     99  486   123      2     11    86  347    73      51   82   500   19     113  599     310    104        3945
715-815      77  720    206    23    109  502   107      2     13    97  370    73      55   79   525   26      99  683     379    104        4249
730-830      77  642    265    34    108  513   117      2     13   115  370    70      55   71   491   22      90  739     445     93        4332
745-845      81  583    327    40    116  479   111      1     16   113  354    61      52   65   410   20      74  816     496     99        4314
800-900      71  545    350    45    117  434   108      1     39    87  318    68      51   64   352   22      71  899     536    125        4303
815-915      67  501    360    45    105  407    90      3     60    87  298    79      54   65   300   18      68  964     527    128        4226
830-930      70  481    344    37    104  367    75      2     73    74  263    78      62   66   272   17      63 1004     511    132        4095
845-945      69  455    311    34     86  342    67      2     71    71  212    68      59   68   295   14      65 1031     504    143        3967
900-1000     62  437    269    29     76  297    70      3     53    71  198    64      49   59   288   13      81  957     458    123        3657




     A.M. PEAK HOUR
          730-830
WILTEC                                                                                                  Phone: (626) 564-1944     Fax: (626) 564-0969
5-LEG INTERSECTION TURNING MOVEMENT COUNT SUMMARY
                                                                                                                                  INT. 3
CLIENT:                KAKU ASSOCIATES
PROJECT:               NBC UNIVERSAL COUNTS
DATE:                  WEDNESDAY NOVEMBER 15, 2006
PERIOD:                3:00 PM TO 6:00 PM
INTERSECTION:   N/S    TUJUNGA AVENUE
                E/W    RIVERSIDE DRIVE/ CAMARILLO STREET

15 MIN COUNTS
          SB TUJUNGA                WB CAMARILLO             NWB RIVERSIDE           NB TUJUNGA              EB RIVERSIDE
PERIOD        A   B      C     D       E   F       G    H       I     J    K     L      M    N     O    P       Q    R       S      T       TOTALS
300-315      11   81      9     1     33   80      28    4      8    29    71   10       7   30   128   12      76   93     141     56         908
315-330      13  109     10     6     25   98      44    3      3    34    70   10       6   33   155   10      73  143     134     59        1038
330-345      23  125     17     3     34   91      30    3      7    31    89   15       9   25   156    7      57   93     110     34         959
345-400      13  103     18     6     25   84      20    2      7    19    71   11      10   30   174   11      52  112     135     42         945
400-415      12   92     11     3     30   85      19    1      5    20    81   11       7   28   143    7      67  136     133     67         958
415-430      14   80     21     2     24  102      24    2      3    18    95   15       9   18   135    8      52  107     125     44         898
430-445      25   87     12     5     24  115      21    3      3    37    95   16       4   14   160    7      57  104     135     54         978
445-500      10   73     15     5     32  121      25    2     10    31  110    19       7   19   157    8      55  124     118     39         980
500-515      17   92     16     4     37  114      32    3      8    31  147    10      11   26   139    9      72  116     133     52        1069
515-530      18   71     17     7     35  130      25    2      6    30  133    24       6   24   133   16      64  104     127     35        1007
530-545      18   63     19     2     41  108      23    2      8    47  169    23       6   24   145   13      58  114     167     50        1100
545-600        7  54      5     3     27  114      20    5      5    28  156    15       6   30   118   16      38  113     135     35         930
HOUR TOTALS
          SB TUJUNGA                WB CAMARILLO             NWB RIVERSIDE           NB TUJUNGA              EB RIVERSIDE
PERIOD        A   B      C     D       E   F     G      H       I     J    K     L      M    N     O    P       Q    R       S      T       TOTALS
300-400      60  418     54    16    117  353   122     12     25   113  301    46      32  118   613   40     258  441     520    191        3850
315-415      61  429     56    18    114  358   113      9     22   104  311    47      32  116   628   35     249  484     512    202        3900
330-430      62  400     67    14    113  362    93      8     22    88  336    52      35  101   608   33     228  448     503    187        3760
345-445      64  362     62    16    103  386    84      8     18    94  342    53      30   90   612   33     228  459     528    207        3779
400-500      61  332     59    15    110  423    89      8     21   106  381    61      27   79   595   30     231  471     511    204        3814
415-515      66  332     64    16    117  452   102     10     24   117  447    60      31   77   591   32     236  451     511    189        3925
430-530      70  323     60    21    128  480   103     10     27   129  485    69      28   83   589   40     248  448     513    180        4034
445-545      63  299     67    18    145  473   105      9     32   139  559    76      30   93   574   46     249  458     545    176        4156
500-600      60  280     57    16    140  466   100     12     27   136  605    72      29  104   535   54     232  447     562    172        4106




     P.M. PEAK HOUR
          445-545
