WILTEC                                                                                    Phone: (626) 564-1944    Fax: (626) 564-0969
INTERSECTION TURNING MOVEMENT COUNT SUMMARY
                                                                                                                      INT. 150
CLIENT:                             KAKU ASSOCIATES
PROJECT:                            NBC UNIVERSAL COUNTS
DATE:                               WEDNESDAY NOVEMBER 8, 2006
PERIOD:                             7:00 AM TO 10:00 AM
INTERSECTION:            N/S        COLFAX AVENUE
                         E/W        RIVERSIDE DRIVE

15 MIN COUNTS
                    1           2         3      4       5      6        7           8      9      10         11        12
PERIOD           SBRT       SBTH       SBLT   WBRT   WBTH    WBLT     NBRT       NBTH    NBLT    EBRT      EBTH       EBLT    TOTAL
700-715            23         118        18      9     179     29       11          44     14      17         88        13      563
715-730            30         177        25     20     262     33       29          98     29      34        158        14      909
730-745            23         132        18     25     226     25       27         112     20      23        192        19      842
745-800            29         136        33      4     267     20       22         109     36      21        224        22      923
800-815            32         140        35     14     227     30        5          43     28      21        261        17      853
815-830             7         145        43      5     149     34       14          30     25      34        305         8      799
830-845             9         125        42      3     168     18        6          43     22      23        364         7      830
845-900            18         137        35      8     156     32       15          48     24      30        335        16      854
900-915            10         115        35      8     146     19       11          48     23      33        297         9      754
915-930            24         125        16      9     118     21       14          34     19      33        264         7      684
930-945            15         118        19      4     111     26        6          33     14      18        231        18      613
945-1000           13          80        17      4     107     16       20          29     28      18        184        16      532
HOUR TOTALS
                     1          2         3      4       5      6        7           8      9       10        11        12
TIME             SBRT       SBTH       SBLT   WBRT   WBTH    WBLT     NBRT       NBTH    NBLT    EBRT      EBTH       EBLT    TOTAL
700-800            105        563        94     58     934    107       89         363     99       95       662        68      3237
715-815            114        585       111     63     982    108       83         362    113       99       835        72      3527
730-830             91        553       129     48     869    109       68         294    109       99       982        66      3417
745-845             77        546       153     26     811    102       47         225    111       99      1154        54      3405
800-900             66        547       155     30     700    114       40         164     99      108      1265        48      3336
815-915             44        522       155     24     619    103       46         169     94      120      1301        40      3237
830-930             61        502       128     28     588     90       46         173     88      119      1260        39      3122
845-945             67        495       105     29     531     98       46         163     80      114      1127        50      2905
900-1000            62        438        87     25     482     82       51         144     84      102       976        50      2583




           A.M. PEAK HOUR
                715-815                                                          63

                                      114     585    111                     982

                                                                             108



                                      72

RIVERSIDE DRIVE                       835                    113      362        83

                                      99

                                                                 COLFAX AVENUE
WILTEC                                                                                   Phone: (626) 564-1944    Fax: (626) 564-0969
INTERSECTION TURNING MOVEMENT COUNT SUMMARY
                                                                                                                     INT. 150
CLIENT:                            KAKU ASSOCIATES
PROJECT:                           NBC UNIVERSAL COUNTS
DATE:                              WEDNESDAY NOVEMBER 8, 2006
PERIOD:                            3:00 PM TO 6:00 PM
INTERSECTION:          N/S         COLFAX AVENUE
                       E/W         RIVERSIDE DRIVE

15 MIN COUNTS
                   1           2         3      4       5      6        7           8      9      10         11        12
PERIOD          SBRT       SBTH       SBLT   WBRT   WBTH    WBLT     NBRT       NBTH    NBLT    EBRT      EBTH       EBLT    TOTAL
300-315           12          48         6      8     194     19       19          66     38      32        201        25      668
315-330           19         101        10     13     195     38       20          80     31      42        237        25      811
330-345           28         118        26     16     212     53       53         124     32      38        184        20      904
345-400           21         101        18     16     178     30       36         137     34      39        185        28      823
400-415           20          67        11     14     211     20       33          92     32      35        173        31      739
415-430           28          75        11     15     242     13       16          81     26      32        228        23      790
430-445           10          59        13     14     222     33       21          81     26      36        241        35      791
445-500           19          58        12     20     244     42       15         106     37      32        216        46      847
500-515           25          73        12     19     254     38       17          86     43      36        217        37      857
515-530           18          52        15      7     315     28       15         110     41      56        206        38      901
530-545           17          57        14     14     294     34       20         118     44      38        214        28      892
545-600           15          54         7     19     300     35       20          95     26      26        232        43      872
HOUR TOTALS
                   1           2         3      4       5      6         7          8      9       10        11        12
TIME            SBRT       SBTH       SBLT   WBRT   WBTH    WBLT     NBRT       NBTH    NBLT    EBRT      EBTH       EBLT    TOTAL
300-400           80         368        60     53     779    140       128        407    135      151       807        98      3206
315-415           88         387        65     59     796    141       142        433    129      154       779       104      3277
330-430           97         361        66     61     843    116       138        434    124      144       770       102      3256
345-445           79         302        53     59     853     96       106        391    118      142       827       117      3143
400-500           77         259        47     63     919    108        85        360    121      135       858       135      3167
415-515           82         265        48     68     962    126        69        354    132      136       902       141      3285
430-530           72         242        52     60    1035    141        68        383    147      160       880       156      3396
445-545           79         240        53     60    1107    142        67        420    165      162       853       149      3497
500-600           75         236        48     59    1163    135        72        409    154      156       869       146      3522




          P.M. PEAK HOUR
               500-600                                                          59

                                     75      236     48                      1163

                                                                             135



                                     146

RIVERSIDE DRIVE                      869                    154      409        72

                                     156

                                                                COLFAX AVENUE
