WILTEC                                                                                   Phone: (626) 564-1944    Fax: (626) 564-0969
INTERSECTION TURNING MOVEMENT COUNT SUMMARY
                                                                                                                     INT. 29
CLIENT:                             KAKU ASSOCIATES
PROJECT:                            NBC UNIVERSAL COUNTS
DATE:                               THURSDAY NOVEMBER 16, 2006
PERIOD:                             7:00 AM TO 10:00 AM
INTERSECTION:            N/S        CAHUENGA BOULEVARD
                         E/W        RIVERSIDE DRIVE

15 MIN COUNTS
                    1           2         3      4        5         6      7        8      9      10         11        12
PERIOD           SBRT       SBTH       SBLT   WBRT    WBTH       WBLT   NBRT    NBTH    NBLT    EBRT      EBTH       EBLT    TOTAL
700-715            29         161        20     11       98        23     12      106      7      23         85        21      596
715-730            35         200        27     11      132        53     14      147      5      36         90        31      781
730-745            48         190        25     19      149        59     12      164      5      34        116        51      872
745-800            46         197        41     13      149        43     13      154     15      36        132        65      904
800-815            43         209        42     16      152        38      9      155      8      33        134        53      892
815-830            47         203        39      5      123        41     19      164     10      38        145        53      887
830-845            41         207        39     26      136        56     22      158     20      33        152        55      945
845-900            36         209        49     21      152        45     28      155     25      36        159        74      989
900-915            40         208        36     28      139        56     29      149     32      40        147        72      976
915-930            35         199        41     25      122        45     35      144     26      37        141        61      911
930-945            40         187        55     25      127        47     29      131     34      44        125        58      902
945-1000           47         152        35     33      110        42     45      130     29      36        121        60      840
HOUR TOTALS
                     1          2         3       4       5         6       7       8      9       10        11        12
TIME             SBRT       SBTH       SBLT   WBRT    WBTH       WBLT   NBRT    NBTH    NBLT    EBRT      EBTH       EBLT    TOTAL
700-800            158        748       113      54     528       178      51     571     32      129       423       168      3153
715-815            172        796       135      59     582       193      48     620     33      139       472       200      3449
730-830            184        799       147      53     573       181      53     637     38      141       527       222      3555
745-845            177        816       161      60     560       178      63     631     53      140       563       226      3628
800-900            167        828       169      68     563       180      78     632     63      140       590       235      3713
815-915            164        827       163      80     550       198      98     626     87      147       603       254      3797
830-930            152        823       165     100     549       202     114     606    103      146       599       262      3821
845-945            151        803       181      99     540       193     121     579    117      157       572       265      3778
900-1000           162        746       167     111     498       190     138     554    121      157       534       251      3629




           A.M. PEAK HOUR
                830-930                                                         100

                                      152     823     165                       549

                                                                                202



                                      262

RIVERSIDE DRIVE                       599                        103    606     114

                                      146

                                                              CAHUENGA BOULEVARD
WILTEC                                                                                  Phone: (626) 564-1944    Fax: (626) 564-0969
INTERSECTION TURNING MOVEMENT COUNT SUMMARY
                                                                                                                    INT. 29
CLIENT:                            KAKU ASSOCIATES
PROJECT:                           NBC UNIVERSAL COUNTS
DATE:                              THURSDAY NOVEMBER 16, 2006
PERIOD:                            3:00 PM TO 6:00 PM
INTERSECTION:           N/S        CAHUENGA BOULEVARD
                        E/W        RIVERSIDE DRIVE

15 MIN COUNTS
                   1           2         3      4        5         6      7        8      9      10         11        12
PERIOD          SBRT       SBTH       SBLT   WBRT    WBTH       WBLT   NBRT    NBTH    NBLT    EBRT      EBTH       EBLT    TOTAL
300-315           52         138        28     37      179        36     20      213     25      14        111        62       915
315-330           46         126        39     49      191        41     21      223     18      20        109        46       929
330-345           44         141        37     46      199        74     31      234     32      21        121        55      1035
345-400           49         134        32     43      192        60     38      199     25      21        126        38       957
400-415           45         154        41     22      224        30     22      214     21      18        105        50       946
415-430           59         163        46     33      210        29     24      194     25      24        117        58       982
430-445           50         146        27     43      213        33     14      189     15      26        106        41       903
445-500           48         147        32     47      219        36     26      200     25      23        124        30       957
500-515           53         136        32     48      237        34     21      187     30      27        123        65       993
515-530           33         149        29     42      207        31     21      178     24      20        103        26       863
530-545           57         142        33     51      238        58     21      193     36      20        131        41      1021
545-600           49         157        35     29      237        56     23      197     36      28        124        34      1005
HOUR TOTALS
                    1          2         3       4       5         6       7       8      9       10        11        12
TIME            SBRT       SBTH       SBLT   WBRT    WBTH       WBLT   NBRT    NBTH    NBLT    EBRT      EBTH       EBLT    TOTAL
300-400           191        539       136     175     761       211     110     869    100       76       467       201      3836
315-415           184        555       149     160     806       205     112     870     96       80       461       189      3867
330-430           197        592       156     144     825       193     115     841    103       84       469       201      3920
345-445           203        597       146     141     839       152      98     796     86       89       454       187      3788
400-500           202        610       146     145     866       128      86     797     86       91       452       179      3788
415-515           210        592       137     171     879       132      85     770     95      100       470       194      3835
430-530           184        578       120     180     876       134      82     754     94       96       456       162      3716
445-545           191        574       126     188     901       159      89     758    115       90       481       162      3834
500-600           192        584       129     170     919       179      86     755    126       95       481       166      3882




          P.M. PEAK HOUR
               330-430                                                         144

                                     197     592     156                       825

                                                                               193



                                     201

RIVERSIDE DRIVE                      469                        103    841     115

                                     84

                                                             CAHUENGA BOULEVARD
