WILTEC                                                                                 Phone: (626) 564-1944    Fax: (626) 564-0969
INTERSECTION TURNING MOVEMENT COUNT SUMMARY
                                                                                                                   INT. 19
CLIENT:                             KAKU ASSOCIATES
PROJECT:                            NBC UNIVERSAL COUNTS
DATE:                               WEDNESDAY NOVEMBER 15, 2006
PERIOD:                             7:00 AM TO 10:00 AM
INTERSECTION:            N/S        LANKERSHIM BOULEVARD
                         E/W        RIVERSIDE DRIVE

15 MIN COUNTS
                     1          2         3      4       5       6       7       8       9      10         11        12
PERIOD           SBRT       SBTH       SBLT   WBRT   WBTH     WBLT    NBRT    NBTH    NBLT    EBRT      EBTH       EBLT    TOTAL
700-715             60        192        24      7     107      14       6      40      13      26         63        16       568
715-730             77        244        34     21     138      25      10      55      14      36         59         9       722
730-745             89        292        40     11     151      23       8      54      24      51         76         3       822
745-800            100        323        49     19     139      27      14      67      24      72         95         6       935
800-815             78        355        59     10     100      18      19      77      14      71        101        18       920
815-830             80        295        62      9     121      27      17      97      21      58        121         6       914
830-845             90        295        83     27     124      33      23      75      21      64        142        11       988
845-900            107        342        90     14     111      36      32      70      18      50        192         9      1071
900-915             71        295       102     18     104      30      43      61      22      57        173        14       990
915-930             64        327       111     16     104      32      30      64      15      68        182        20      1033
930-945             56        279        84     20      91      20      22      79      16      72        176        14       929
945-1000            59        238        90     22     104      25      38      78      16      47        157        17       891
HOUR TOTALS
                     1          2         3      4       5       6        7       8      9       10        11        12
TIME             SBRT       SBTH       SBLT   WBRT   WBTH     WBLT    NBRT    NBTH    NBLT    EBRT      EBTH       EBLT    TOTAL
700-800            326       1051       147     58     535      89       38     216     75      185       293        34      3047
715-815            344       1214       182     61     528      93       51     253     76      230       331        36      3399
730-830            347       1265       210     49     511      95       58     295     83      252       393        33      3591
745-845            348       1268       253     65     484     105       73     316     80      265       459        41      3757
800-900            355       1287       294     60     456     114       91     319     74      243       556        44      3893
815-915            348       1227       337     68     460     126      115     303     82      229       628        40      3963
830-930            332       1259       386     75     443     131      128     270     76      239       689        54      4082
845-945            298       1243       387     68     410     118      127     274     71      247       723        57      4023
900-1000           250       1139       387     76     403     107      133     282     69      244       688        65      3843




           A.M. PEAK HOUR
                830-930                                                       75

                                      332     1259   386                      443

                                                                              131



                                      54

RIVERSIDE DRIVE                       689                     76     270      128

                                      239

                                                             LANKERSHIM BOULEVARD
WILTEC                                                                                 Phone: (626) 564-1944    Fax: (626) 564-0969
INTERSECTION TURNING MOVEMENT COUNT SUMMARY
                                                                                                                   INT. 19
CLIENT:                            KAKU ASSOCIATES
PROJECT:                           NBC UNIVERSAL COUNTS
DATE:                              WEDNESDAY NOVEMBER 15, 2006
PERIOD:                            3:00 PM TO 6:00 PM
INTERSECTION:           N/S        LANKERSHIM BOULEVARD
                        E/W        RIVERSIDE DRIVE

15 MIN COUNTS
                   1           2         3      4        5       6       7        8      9      10         11        12
PERIOD          SBRT       SBTH       SBLT   WBRT    WBTH     WBLT    NBRT    NBTH    NBLT    EBRT      EBTH       EBLT    TOTAL
300-315           61         156        47     29      143      25      25      109     23      18         83        12       731
315-330           51         151        54     23      163      26      27      135     30      30        103        19       812
330-345           45         129        44     40      183      29      22      155     34      26         93        24       824
345-400           51         169        58     32      162      30      18      149     30      15        102        22       838
400-415           63         166        54     32      166      31      25      156     34      26        110        32       895
415-430           71         144        35     37      188      26      21      143     37      21         92        17       832
430-445           67         159        49     30      201      21      21      164     35      17         89        21       874
445-500           58         160        67     43      228      32      20      134     38      27         92        12       911
500-515           74         183        73     45      236      25      31      176     39      24         87        16      1009
515-530           61         194        52     31      268      33      32      170     36      20         90        23      1010
530-545           72         173        51     38      274      39      24      150     30      27         91        27       996
545-600           77         150        45     36      250      30      34      180     48      30         84        13       977
HOUR TOTALS
                    1          2         3       4       5       6        7       8      9       10        11        12
TIME            SBRT       SBTH       SBLT   WBRT    WBTH     WBLT    NBRT    NBTH    NBLT    EBRT      EBTH       EBLT    TOTAL
300-400           208        605       203     124     651     110       92     548    117       89       381        77      3205
315-415           210        615       210     127     674     116       92     595    128       97       408        97      3369
330-430           230        608       191     141     699     116       86     603    135       88       397        95      3389
345-445           252        638       196     131     717     108       85     612    136       79       393        92      3439
400-500           259        629       205     142     783     110       87     597    144       91       383        82      3512
415-515           270        646       224     155     853     104       93     617    149       89       360        66      3626
430-530           260        696       241     149     933     111      104     644    148       88       358        72      3804
445-545           265        710       243     157    1006     129      107     630    143       98       360        78      3926
500-600           284        700       221     150    1028     127      121     676    153      101       352        79      3992




          P.M. PEAK HOUR
               500-600                                                        150

                                     284     700     221                      1028

                                                                              127



                                     79

RIVERSIDE DRIVE                      352                      153    676      121

                                     101

                                                             LANKERSHIM BOULEVARD
