WILTEC                                                                                         Phone: (626) 564-1944    Fax: (626) 564-0969
INTERSECTION TURNING MOVEMENT COUNT SUMMARY
                                                                                                                           INT. 151
CLIENT:                             KAKU ASSOCIATES
PROJECT:                            NBC UNIVERSAL COUNTS
DATE:                               WEDNESDAY NOVEMBER 8, 2006
PERIOD:                             7:00 AM TO 10:00 AM
INTERSECTION:           N/S         COLFAX AVENUE
                        E/W         MOORPARK STREET

15 MIN COUNTS
                    1           2         3      4        5      6            7          8       9      10         11        12
PERIOD           SBRT       SBTH       SBLT   WBRT    WBTH    WBLT         NBRT       NBTH    NBLT    EBRT      EBTH       EBLT    TOTAL
700-715            11          77        14     15      133     32           23         25      15      10        103         7      465
715-730            11          79        26     46      136     34           33         42      17      19        136        21      600
730-745            18          98        58     69      214     54           44         39      18      16        155        29      812
745-800            15         116        54     34      201     46           10         56      20      25        220        13      810
800-815            29         116        42     17      109     21           40         36      17      15        256         7      705
815-830            22         134        67     12      126     31           28         29      20      23        246         9      747
830-845            17         116        44     18      132     31           23         42      21      29        209        16      698
845-900            18         159        50     19      124     35           30         54      19      21        280        18      827
900-915            15         127        49     17       98     24           25         47      19      28        210        18      677
915-930            15          83        40     10       72     16           15         46      20      19        165        10      511
930-945            19         114        39      7       77     19           24         39      19      22        164        16      559
945-1000           11          72        25     12       74     17           16         33      19      13        154        11      457
HOUR TOTALS
                    1           2         3       4       5      6             7          8      9       10        11        12
TIME             SBRT       SBTH       SBLT   WBRT    WBTH    WBLT         NBRT       NBTH    NBLT    EBRT      EBTH       EBLT    TOTAL
700-800            55         370       152     164     684    166           110        162     70       70       614        70      2687
715-815            73         409       180     166     660    155           127        173     72       75       767        70      2927
730-830            84         464       221     132     650    152           122        160     75       79       877        58      3074
745-845            83         482       207      81     568    129           101        163     78       92       931        45      2960
800-900            86         525       203      66     491    118           121        161     77       88       991        50      2977
815-915            72         536       210      66     480    121           106        172     79      101       945        61      2949
830-930            65         485       183      64     426    106            93        189     79       97       864        62      2713
845-945            67         483       178      53     371     94            94        186     77       90       819        62      2574
900-1000           60         396       153      46     321     76            80        165     77       82       693        55      2204




           A.M. PEAK HOUR
                730-830                                                            132

                                      84      464     221                          650

                                                                                   152



                                      58

MOORPARK STREET                       877                        75        160     122

                                      79

                                                                      COLFAX AVENUE
WILTEC                                                                                   Phone: (626) 564-1944    Fax: (626) 564-0969
INTERSECTION TURNING MOVEMENT COUNT SUMMARY
                                                                                                                     INT. 151
CLIENT:                            KAKU ASSOCIATES
PROJECT:                           NBC UNIVERSAL COUNTS
DATE:                              WEDNESDAY NOVEMBER 8, 2006
PERIOD:                            3:00 PM TO 6:00 PM
INTERSECTION:          N/S         COLFAX AVENUE
                       E/W         MOORPARK STREET

15 MIN COUNTS
                   1          2          3      4        5      6       7           8      9      10         11        12
PERIOD          SBRT       SBTH       SBLT   WBRT    WBTH    WBLT    NBRT       NBTH    NBLT    EBRT      EBTH       EBLT    TOTAL
300-315           18         75         34     31      110     22      42          84     27      19        164        18      644
315-330           16         85         24     27      126     30      48          85     32      22        163        27      685
330-345           15         87         33     68      142     49      42          93     22      20        155        26      752
345-400           20         94         33     33      121     28      43         107     23      22        173        20      717
400-415           21         64         27     24       93     36      41         109     33      26        194        22      690
415-430           21         69         26     27      111     20      40          67     26      17        139        18      581
430-445           21         60         32     23      101     37      34          81     23      21        197        29      659
445-500           21         79         29     18      158     27      33         106     13      18        160        20      682
500-515           16         88         30     24      148     24      61         111     31      14        210        24      781
515-530           24         82         18     26      143     27      39         100     28      20        165        25      697
530-545           34         63         20     21      137     27      20         106     23      10        165        25      651
545-600           21         67         19     16      157     25      35          97     20      27        186        28      698
HOUR TOTALS
                   1           2         3       4       5      6        7          8      9      10         11        12
TIME            SBRT       SBTH       SBLT   WBRT    WBTH    WBLT    NBRT       NBTH    NBLT    EBRT      EBTH       EBLT    TOTAL
300-400           69         341       124     159     499    129      175        369    104      83        655        91      2798
315-415           72         330       117     152     482    143      174        394    110      90        685        95      2844
330-430           77         314       119     152     467    133      166        376    104      85        661        86      2740
345-445           83         287       118     107     426    121      158        364    105      86        703        89      2647
400-500           84         272       114      92     463    120      148        363     95      82        690        89      2612
415-515           79         296       117      92     518    108      168        365     93      70        706        91      2703
430-530           82         309       109      91     550    115      167        398     95      73        732        98      2819
445-545           95         312        97      89     586    105      153        423     95      62        700        94      2811
500-600           95         300        87      87     585    103      155        414    102      71        726       102      2827




          P.M. PEAK HOUR
               315-415                                                       152

                                     72      330     117                     482

                                                                             143



                                     95

MOORPARK STREET                      685                     110     394     174

                                     90

                                                                COLFAX AVENUE
