                                          MANUAL TRAFFIC COUNT

                   CITY OF LOS ANGELES / DEPT. OF TRANSPORTATION

                                                                    File Name       : 2nd St. & Highland Av. & Cars Only Miovision
                                                                    Site Code       :
                                                                    Start Date      : 6/22/2013
                                                                    Page No         :1
                                                            Groups Printed- Car
                   Highland Av.                   Highland Av.                      2nd Av.                     2nd Av.
                    South leg                      North leg                        West leg                    East leg
End Time    Left   Thru Right      Peds    Left   Thru Right     Peds       Left   Thru Right    Peds   Left   Thru Right    Peds Int. Total
08:15 AM      0     113        0      0      2     129        1      0        0       2      0      0     0       0      5      1       253
08:30 AM      0     156        0      2      1     131        0      0        1       0      2      0     0       0      1      1       295
08:45 AM      2     170        0      2      1     170        4      0        1       0      2      4     0       0      0      3       359
09:00 AM      2     175        0     11      0     169        3      0        0       0      2      4     0       0      1      6       373
    Total     4     614        0     15      4     599        8      0        2       2      6      8     0       0      7     11      1280

09:15 AM      1     160       2       2      0     148        8       0       1      0      2       8     0      1      0       2       335
09:30 AM      2     203       1      12      0     161        3       0       1      0      3       7     0      0      1       8       402
09:45 AM      1     222       2       8      1     200        1       0       0      1      2       1     1      1      1       0       442
10:00 AM      0     243       1       6      4     214        8       0       1      0      3       2     1      0      0       3       486
    Total     4     828       6      28      5     723       20       0       3      1     10      18     2      2      2      13      1665

10:15 AM      4     211       2       6      0     214        2       1       0      0      4       1     0      1      3       3       452
10:30 AM      1     215       0       3      0     184        5       1       0      2      9       0     1      0      0       0       421
10:45 AM      1     230       0       2      2     209        7       0       3      1      8       2     0      0      3       2       470
11:00 AM      2     253       1       5      0     242        5       0       5      1      6       0     0      1      2       9       532
    Total     8     909       3      16      2     849       19       2       8      4     27       3     1      2      8      14      1875

11:15 AM      2     233       0       4      0     192        6       0       2      0      5       1     0      3      1       6       455
11:30 AM      2     236       2       6      1     246        5       3       5      2     11       7     1      0      2       6       535
11:45 AM      7     241       0       9      0     229        1       0       5      3     10       6     1      1      2       5       520
12:00 PM      1     287       0       9      1     215        7       6       3      2      3       3     0      0      2       6       545
    Total    12     997       2      28      2     882       19       9      15      7     29      17     2      4      7      23      2055

12:15 PM      3      223      0       8      0     241        3       5       5      0      9       4     1      0      0       7       509
12:30 PM      2      259      1       5      2     238        6       4       3      0     11       0     0      0      1       3       535
12:45 PM      3      250      1      10      1     230        6       0       3      2     13       2     0      0      2       1       524
01:00 PM      1      287      2       7      0     260        5       0       3      0     14       2     0      0      0       6       587
    Total     9     1019      4      30      3     969       20       9      14      2     47       8     1      0      3      17      2155

01:15 PM      3      259      1       6      1     239        3       0       4      1      6       4     0      0      0      11       538
01:30 PM      2      288      0      12      1     288        5       0       3      0      9       4     0      1      4       8       625
01:45 PM      2      264      1       2      1     244        6       4       2      0     14       2     0      1      1       7       551
02:00 PM      1      248      3       6      0     252        5       0       2      0      9       8     0      0      0       3       537
    Total     8     1059      5      26      3    1023       19       4      11      1     38      18     0      2      5      29      2251

02:15 PM      3     209       0       1      1     259        1       0       5      2      6       0     0      1      0       0       488
02:30 PM      1     245       0       2      0     253        5       0       3      2      3       0     0      0      0       4       518
02:45 PM      3     256       1       2      1     278        2       0       2      0     17       3     0      0      2       2       569
03:00 PM      4     256       1       0      1     247        9       3       5      3     16       1     0      0      1       0       547
    Total    11     966       2       5      3    1037       17       3      15      7     42       4     0      1      3       6      2122

03:15 PM      2      239      1       0      1     283        4       5       2      2     15       6     0      0      1       0       561
03:30 PM      4      256      2       0      1     302        4       5       4      4     13       1     0      0      3       0       599
03:45 PM      4      290      2       3      0     288        3       0       7      4     13       9     0      0      1       0       624
04:00 PM      3      270      1       4      0     281        4       4       2      2      5       2     0      0      3       4       585
    Total    13     1055      6       7      2    1154       15      14      15     12     46      18     0      0      8       4      2369

04:15 PM      4      282      3       4      0     286        7       0       3      2      7       4     0      0      1       0       603
04:30 PM      3      249      2       9      1     296        4       0       4      3      9       6     0      1      0       7       594
04:45 PM      2      294      0       2      0     262        5       0       0      0     14       4     0      0      0       1       584
05:00 PM      3      266      1       2      3     287       12       1       7      2      7       1     0      0      1       1       594
    Total    12     1091      6      17      4    1131       28       1      14      7     37      15     0      1      2       9      2375

05:15 PM      8      295      0       2      3     279       10       0       4      0      5       1     1      0      4       1       613
05:30 PM      1      313      1       1      2     251        7       2       1      1     14       1     0      0      1       1       597
05:45 PM      3      264      0       0      0     255        3       0       0      1      7       6     0      0      1       4       544
06:00 PM      2      284      1       5      1     247        2       0       5      2      9       2     1      0      2       1       564
    Total    14     1156      2       8      6    1032       22       2      10      4     35      10     2      0      8       7      2318
                                             MANUAL TRAFFIC COUNT

                     CITY OF LOS ANGELES / DEPT. OF TRANSPORTATION

                                                                       File Name       : 2nd St. & Highland Av. & Cars Only Miovision
                                                                       Site Code       :
                                                                       Start Date      : 6/22/2013
                                                                       Page No         :2
                                                               Groups Printed- Car
                     Highland Av.                    Highland Av.                      2nd Av.                      2nd Av.
                      South leg                       North leg                        West leg                     East leg
  End Time    Left   Thru Right      Peds     Left   Thru Right     Peds       Left   Thru Right     Peds   Left   Thru Right    Peds Int. Total
  06:15 PM      1     273        2      7       0     251        4      0        2       3       9      3     0       0      0      0       555
  06:30 PM      0     308        2      1       0     261        4      8        3       0       7      6     0       0      2      3       605
  06:45 PM      0     263        1      3       0     243        4      0        2       1       9      2     0       0      3      2       533
  07:00 PM      1     290        2      3       0     214        3      0        1       1       9      7     0       0      1      4       536
      Total     2    1134        7     14       0     969       15      8        8       5      34     18     0       0      6      9      2229

  07:15 PM      3      257      1       5       1     206        6       1       4       1      9       1     0      0      1       1       497
  07:30 PM      2      267      0       1       1     237        2       0       0       1      7       3     0      0      1       9       531
  07:45 PM      0      255      1       5       0     195        2       0       2       1      8       2     0      1      1       7       480
  08:00 PM      1      235      0       6       0     187        2       0       4       1      2       7     0      0      1       2       448
      Total     6     1014      2      17       2     825       12       1      10       4     26      13     0      1      4      19      1956

Grand Total   103    11842     45     211     36     11193    214      53     125      56     377    150      8     13     63    161      24650
 Apprch %     0.8     97.1     0.4     1.7    0.3     97.4    1.9      0.5    17.7     7.9    53.2   21.2   3.3     5.3   25.7   65.7
   Total %    0.4       48     0.2     0.9    0.1     45.4    0.9      0.2     0.5     0.2     1.5    0.6     0     0.1    0.3    0.7
