WILTEC                                                                                Phone: (626) 564-1944    Fax: (626) 564-0969
INTERSECTION TURNING MOVEMENT COUNT SUMMARY
                                                                                                                  INT. 146
CLIENT:                             KAKU ASSOCIATES
PROJECT:                            NBC UNIVERSAL COUNTS
DATE:                               WEDNESDAY NOVEMBER 8, 2006
PERIOD:                             7:00 AM TO 10:00 AM
INTERSECTION:            N/S        COLDWATER CANYON AVENUE
                         E/W        MOORPARK STREET

15 MIN COUNTS
                    1           2         3      4       5       6       7       8      9      10         11        12
PERIOD           SBRT       SBTH       SBLT   WBRT   WBTH     WBLT    NBRT   NBTH    NBLT    EBRT      EBTH       EBLT    TOTAL
700-715            13         196        18     28      81      17      15     108      8       8         71        24      587
715-730            19         158        18     22     162      24      11     103      6       3         95        21      642
730-745            27         139        21     19     203      24       9     159      6       3        134        25      769
745-800            31         139        19     11     185      31      16     157      7       4        196        28      824
800-815            26         137        29     16     171      17      18     127     11       8        166        25      751
815-830            29         142        18     11     148      25      22     122      6      16        186        33      758
830-845            43         196        34     15     182      31      30     155     10       8        201        37      942
845-900            25         156        20     23     138      15      15     133      8       7        176        24      740
900-915            10         165        23     19      98      29      12     168     10       7        186        22      749
915-930            14         185        18     22      97      27      16     194      5      21        175        27      801
930-945            19         183        24     10      81      21      20     174      9       7        133        33      714
945-1000           21         178        24     18      77      24      15     160      8      10        138        21      694
HOUR TOTALS
                     1          2         3      4       5       6       7       8      9      10         11        12
TIME             SBRT       SBTH       SBLT   WBRT   WBTH     WBLT    NBRT   NBTH    NBLT    EBRT      EBTH       EBLT    TOTAL
700-800             90        632        76     80     631      96      51     527     27      18        496        98      2822
715-815            103        573        87     68     721      96      54     546     30      18        591        99      2986
730-830            113        557        87     57     707      97      65     565     30      31        682       111      3102
745-845            129        614       100     53     686     104      86     561     34      36        749       123      3275
800-900            123        631       101     65     639      88      85     537     35      39        729       119      3191
815-915            107        659        95     68     566     100      79     578     34      38        749       116      3189
830-930             92        702        95     79     515     102      73     650     33      43        738       110      3232
845-945             68        689        85     74     414      92      63     669     32      42        670       106      3004
900-1000            64        711        89     69     353     101      63     696     32      45        632       103      2958




           A.M. PEAK HOUR
                745-845                                                      53

                                      129     614    100                     686

                                                                             104



                                      123

MOORPARK STREET                       749                        34   561    86

                                      36

                                                           COLDWATER CANYON AVENUE
WILTEC                                                                                Phone: (626) 564-1944    Fax: (626) 564-0969
INTERSECTION TURNING MOVEMENT COUNT SUMMARY
                                                                                                                  INT. 146
CLIENT:                            KAKU ASSOCIATES
PROJECT:                           NBC UNIVERSAL COUNTS
DATE:                              WEDNESDAY NOVEMBER 8, 2006
PERIOD:                            3:00 PM TO 6:00 PM
INTERSECTION:           N/S        COLDWATER CANYON AVENUE
                        E/W        MOORPARK STREET

15 MIN COUNTS
                   1           2         3      4        5      6       7        8      9      10         11        12
PERIOD          SBRT       SBTH       SBLT   WBRT    WBTH    WBLT    NBRT    NBTH    NBLT    EBRT      EBTH       EBLT    TOTAL
300-315           19         224        37     31      104     15      33      310      9      15        162        23       982
315-330           22         190        23     27      113     18      29      205     12       9        142        26       816
330-345           16         165        15     52      118     20      31      313     15      11        152        15       923
345-400           21         180        17     28      152     26      38      217     16      12        139        17       863
400-415           28         163        19     36      157     18      47      271     15       6        165        19       944
415-430           29         194        18     29      129     20      51      262     16      11        176        33       968
430-445           22         199        20     23      102     20      36      235     14       6        135        15       827
445-500           19         202        20     38      121     27      45      225     15      12        184        29       937
500-515           23         243        16     32      128     24      37      238     20       7        157        25       950
515-530           29         194        14     38      137     24      41      225     22      12        163        18       917
530-545           32         170        19     34      173     32      52      245     20       9        167        23       976
545-600           24         215        27     32      169     22      40      231     16       9        196        20      1001
HOUR TOTALS
                    1          2         3       4       5      6        7       8      9      10         11        12
TIME            SBRT       SBTH       SBLT   WBRT    WBTH    WBLT    NBRT    NBTH    NBLT    EBRT      EBTH       EBLT    TOTAL
300-400            78        759        92     138     487     79      131    1045     52      47        595        81      3584
315-415            87        698        74     143     540     82      145    1006     58      38        598        77      3546
330-430            94        702        69     145     556     84      167    1063     62      40        632        84      3698
345-445           100        736        74     116     540     84      172     985     61      35        615        84      3602
400-500            98        758        77     126     509     85      179     993     60      35        660        96      3676
415-515            93        838        74     122     480     91      169     960     65      36        652       102      3682
430-530            93        838        70     131     488     95      159     923     71      37        639        87      3631
445-545           103        809        69     142     559    107      175     933     77      40        671        95      3780
500-600           108        822        76     136     607    102      170     939     78      37        683        86      3844




          P.M. PEAK HOUR
               500-600                                                       136

                                     108     822     76                      607

                                                                             102



                                     86

MOORPARK STREET                      683                        78   939     170

                                     37

                                                          COLDWATER CANYON AVENUE
