WILTEC                                                                                   Phone: (626) 564-1944   Fax: (626) 564-0969
INTERSECTION TURNING MOVEMENT COUNT SUMMARY
                                                                                                                    INT. 55
CLIENT:                             KAKU ASSOCIATES
PROJECT:                            NBC UNIVERSAL COUNTS
DATE:                               THURSDAY NOVEMBER 16, 2006
PERIOD:                             7:00 AM TO 10:00 AM
INTERSECTION:            N/S        BARHAM BOULEVARD
                         E/W        LAKESIDE PLAZA DRIVE / FOREST LAWN DRIVE

15 MIN COUNTS
                    1           2         3      4        5       6         7       8      9      10        11        12
PERIOD           SBRT       SBTH       SBLT   WBRT     WBTH    WBLT     NBRT    NBTH    NBLT    EBRT      EBTH      EBLT    TOTAL
700-715            16         301        33     22       13     239        85     219     11       2         2         2       945
715-730            15         348        36     15       19     251        90     230      3       1         1         5      1014
730-745            21         370        29     25       20     287       134     327      8       1         4         4      1230
745-800            40         357        54     20       27     245       158     334     10      10         4         7      1266
800-815            39         351        50     10       29     208       140     343     15      10        10         2      1207
815-830            30         383        42     16       32     244       155     369      9       7         2         6      1295
830-845            32         373        41     21       38     256       145     376     18      10         2         2      1314
845-900            45         351        74     33       38     230       154     357     19       8         2        10      1321
900-915            39         355        62     36       37     168       135     375      6       6         8         5      1232
915-930            34         331        73     25       24     167       113     381     23       6         7        13      1197
930-945            41         357        87     34       20     182       118     366      5       7         5         9      1231
945-1000           22         344        73     15        9     138        93     353     19       4         3        12      1085
HOUR TOTALS
                     1          2         3       4        5       6        7       8      9      10        11        12
TIME             SBRT       SBTH       SBLT   WBRT     WBTH    WBLT     NBRT    NBTH    NBLT    EBRT      EBTH      EBLT    TOTAL
700-800             92       1376       152      82       79    1022      467    1110     32      14        11        18      4455
715-815            115       1426       169      70       95     991      522    1234     36      22        19        18      4717
730-830            130       1461       175      71      108     984      587    1373     42      28        20        19      4998
745-845            141       1464       187      67      126     953      598    1422     52      37        18        17      5082
800-900            146       1458       207      80      137     938      594    1445     61      35        16        20      5137
815-915            146       1462       219     106      145     898      589    1477     52      31        14        23      5162
830-930            150       1410       250     115      137     821      547    1489     66      30        19        30      5064
845-945            159       1394       296     128      119     747      520    1479     53      27        22        37      4981
900-1000           136       1387       295     110       90     655      459    1475     53      23        23        39      4745




           A.M. PEAK HOUR
                815-915                                                         106

                                      146     1462     219                      145

                                                                                898



                                      23

LAKESIDE PLAZA DRIVE / FORES          14                       52      1477     589

                                      31

                                                               BARHAM BOULEVARD
WILTEC                                                                                  Phone: (626) 564-1944    Fax: (626) 564-0969
INTERSECTION TURNING MOVEMENT COUNT SUMMARY
                                                                                                                    INT. 55
CLIENT:                            KAKU ASSOCIATES
PROJECT:                           NBC UNIVERSAL COUNTS
DATE:                              THURSDAY NOVEMBER16, 2006
PERIOD:                            3:00 PM TO 6:00 PM
INTERSECTION:          N/S         BARHAM BOULEVARD
                       E/W         LAKESIDE PLAZA DRIVE / FOREST LAWN DRIVE

15 MIN COUNTS
                   1           2         3      4        5       6         7       8      9      10        11         12
PERIOD          SBRT       SBTH       SBLT   WBRT     WBTH    WBLT     NBRT    NBTH    NBLT    EBRT      EBTH       EBLT    TOTAL
300-315           26         312        50     42       10     106       126     372     18      13         3         14      1092
315-330           14         309        38     26       10     112       133     363      7      13         7         13      1045
330-345            9         285        32     50        4     134       148     370      5       7         4         11      1059
345-400           17         285        99     38        5     133       135     358     14      24        14         11      1133
400-415           15         295        65     41        8     120       123     371     20      13        17         16      1104
415-430            9         359        94     43        3     132       145     348      5      27        22         26      1213
430-445           15         307        73     59        4     159       144     359     13      19         4         12      1168
445-500           20         310        53     48        6     174       171     339      5      14        21         26      1187
500-515            8         312        51     70        5     168       181     338      7      28        25         37      1230
515-530           19         315        32     62        8     190       195     347      4      20        16          9      1217
530-545           20         294        47     74        2     182       165     350      2       8        27         18      1189
545-600           12         306        53     78        7     174       197     330      3      19        36         25      1240
HOUR TOTALS
                   1           2         3       4       5       6         7       8      9      10         11        12
TIME            SBRT       SBTH       SBLT   WBRT     WBTH    WBLT     NBRT    NBTH    NBLT    EBRT      EBTH       EBLT    TOTAL
300-400           66        1191       219     156      29     485       542    1463     44      57         28        49      4329
315-415           55        1174       234     155      27     499       539    1462     46      57         42        51      4341
330-430           50        1224       290     172      20     519       551    1447     44      71         57        64      4509
345-445           56        1246       331     181      20     544       547    1436     52      83         57        65      4618
400-500           59        1271       285     191      21     585       583    1417     43      73         64        80      4672
415-515           52        1288       271     220      18     633       641    1384     30      88         72       101      4798
430-530           62        1244       209     239      23     691       691    1383     29      81         66        84      4802
445-545           67        1231       183     254      21     714       712    1374     18      70         89        90      4823
500-600           59        1227       183     284      22     714       738    1365     16      75        104        89      4876




          P.M. PEAK HOUR
               500-600                                                         284

                                     59      1227     183                      22

                                                                               714



                                     89

LAKESIDE PLAZA DRIVE / FORES         104                      16      1365     738

                                     75

                                                              BARHAM BOULEVARD
