    CONFIDENTIAL SETTLEMENT COMMUNICATION (SEE ATTACHED DISCLAIMER)

WILTEC                                                                                    Phone: (626) 564-1944    Fax: (626) 564-0969
INTERSECTION TURNING MOVEMENT COUNT SUMMARY

CLIENT:                             GIBSON TRANSPORTATION
PROJECT:                            LOS ANGELES TRAFFIC COUNTS
DATE:                               FEBRUARY, THURSDAY 26, 2009
PERIOD:                             7:00 AM TO 10:00 AM
INTERSECTION:            N/S        LINCOLN BOULEVARD
                         E/W        WASHINGTON BOULEVARD

15 MIN COUNTS
                    1           2         3      4        5      6          7        8      9       10        11        12
PERIOD           SBRT       SBTH       SBLT   WBRT    WBTH    WBLT       NBRT    NBTH    NBLT    EBRT      EBTH       EBLT    TOTAL
700-715            19         179        21     39       93     15         34      432     98       73        96        20      1119
715-730            21         209        25     42      100     16         26      413    105       88        95        33      1173
730-745            18         253        39     52      141     28         39      422    139      126       132        29      1418
745-800            24         285        44     60      189     34         39      432    154      124       201        22      1608
800-815            24         296        49     47      152     27         39      446    161      112       202        26      1581
815-830            31         281        61     49      138     35         33      414    145      121       207        32      1547
830-845            26         278        56     55      143     39         70      433    160      139       223        34      1656
845-900            26         346        50     58      165     40         52      369    143      128       183        38      1598
900-915            27         296        51     42      121     37         63      389    137      127       191        28      1509
915-930            28         276        58     54      125     31         53      372    112      100       152        40      1401
930-945            26         241        50     54      104     35         52      351    126      122       165        31      1357
945-1000           29         241        60     54      103     31         57      388    134      107       153        30      1387
HOUR TOTALS
                     1          2         3       4       5      6           7       8      9       10        11        12
TIME             SBRT       SBTH       SBLT   WBRT    WBTH    WBLT       NBRT    NBTH    NBLT    EBRT      EBTH       EBLT    TOTAL
700-800             82        926       129     193     523     93         138    1699    496      411       524       104      5318
715-815             87       1043       157     201     582    105         143    1713    559      450       630       110      5780
730-830             97       1115       193     208     620    124         150    1714    599      483       742       109      6154
745-845            105       1140       210     211     622    135         181    1725    620      496       833       114      6392
800-900            107       1201       216     209     598    141         194    1662    609      500       815       130      6382
815-815            110       1201       218     204     567    151         218    1605    585      515       804       132      6310
830-930            107       1196       215     209     554    147         238    1563    552      494       749       140      6164
845-945            107       1159       209     208     515    143         220    1481    518      477       691       137      5865
900-1000           110       1054       219     204     453    134         225    1500    509      456       661       129      5654




           A.M. PEAK HOUR
                745-845                                                          211

                                      105     1140    210                        622

                                                                                 135



                                      114

WASHINGTON BOULEVARD                  833                     620       1725     181

                                      496

                                                                  LINCOLN BOULEVARD
    CONFIDENTIAL SETTLEMENT COMMUNICATION (SEE ATTACHED DISCLAIMER)

WILTEC                                                                                   Phone: (626) 564-1944    Fax: (626) 564-0969
INTERSECTION TURNING MOVEMENT COUNT SUMMARY

CLIENT:                            GIBSON TRANSPORTATION
PROJECT:                           LOS ANGELES TRAFFIC COUNTS
DATE:                              FEBRUARY, THURSDAY 26, 2009
PERIOD:                            7:00 AM TO 10:00 AM
INTERSECTION:           N/S        LINCOLN BOULEVARD
                        E/W        WASHINGTON BOULEVARD

15 MIN COUNTS
                   1           2         3      4        5      6          7        8      9       10        11        12
PERIOD          SBRT       SBTH       SBLT   WBRT    WBTH    WBLT       NBRT    NBTH    NBLT    EBRT      EBTH       EBLT    TOTAL
300-315           27         258        45     77      128     40         47      335     96       96       174        27      1350
315-330           42         332        92     73      163     53         76      330    113      137       196        38      1645
330-345           34         332        60     75      148     69         50      364    120      115       168        26      1561
345-400           36         356        62     66      156     64         68      374    150      126       192        36      1686
400-415           40         328        53     63      150     71         49      357    121      121       158        25      1536
415-430           27         338        45     54      165     60         71      359    113      156       186        44      1618
430-445           22         325        78     81      164     67         47      348    136      113       161        25      1567
445-500           38         381        47     69      189     61         63      395    119      123       174        32      1691
500-515           28         345        50     56      197     64         64      399    149      158       207        36      1753
515-530           28         353        51     56      147     72         55      365    147      133       210        31      1648
530-545           27         337        49     60      176     66         63      370    149      166       223        30      1716
545-600           36         341        55     55      115     41         78      374    149      148       229        28      1649
HOUR TOTALS
                    1          2         3       4       5      6           7       8      9       10        11        12
TIME            SBRT       SBTH       SBLT   WBRT    WBTH    WBLT       NBRT    NBTH    NBLT    EBRT      EBTH       EBLT    TOTAL
300-400           139       1278       259     291     595    226         241    1403    479      474       730       127      6242
315-415           152       1348       267     277     617    257         243    1425    504      499       714       125      6428
330-430           137       1354       220     258     619    264         238    1454    504      518       704       131      6401
345-445           125       1347       238     264     635    262         235    1438    520      516       697       130      6407
400-500           127       1372       223     267     668    259         230    1459    489      513       679       126      6412
415-515           115       1389       220     260     715    252         245    1501    517      550       728       137      6629
430-530           116       1404       226     262     697    264         229    1507    551      527       752       124      6659
445-545           121       1416       197     241     709    263         245    1529    564      580       814       129      6808
500-600           119       1376       205     227     635    243         260    1508    594      605       869       125      6766




          P.M. PEAK HOUR
               445-545                                                          241

                                     121     1416    197                        709

                                                                                263



                                     129

WASHINGTON BOULEVARD                 814                     564       1529     245

                                     580

                                                                 LINCOLN BOULEVARD
