INTERSECTION TURNING MOVEMENT COUNT SUMMARY

CLIENT:               HIRSCH/GREEN TRANSPORTATION CONSULTING, INC.
PROJECT:              4100 DEL REY AVENUE - MARINA DEL REY
DATE:                 THURSDAY, APRIL 14, 2011
PERIOD:               03:00 PM TO 06:00 PM
INTERSECTION   N/S    LINCOLN BOULEVARD
               E/W    WASHINGTON BOULEVARD
FILE NUMBER:          1-PM


  15 MINUTE     1        2        3          4      5          6       7          8      9      10      11     12
   TOTALS      SBRT    SBTH     SBLT        WBRT   WBTH       WBLT    NBRT       NBTH   NBLT   EBRT    EBTH   EBLT
  0300-0315     39      296      69          69    164         57      59        287    104    109     151     28
  0315-0330     28      321      74          68    157         50      60        305    111    117     167     37
  0330-0345     25      287      75          86    160         58      68        338    127    116     172     36
  0345-0400     31      292      87          77    177         58      55        355    111    123     187     31
  0400-0415     29      351      86          83    185         86      55        370    113    142     184     24
  0415-0430     33      349      90          86    191         60      65        382    106    163     171     26
  0430-0445     34      363      61          77    189         74      69        415    102    140     186     35
  0445-0500     26      330      57          75    179         72      61        396    100    133     197     35
  0500-0515     27      323      46          74    169         76      82        388    131    141     209     34
  0515-0530     30      336      55          76    174         88      63        410    106    112     205     34
  0530-0545     33      311      48          81    177         85      75        466    120    142     193     20
  0545-0600     28      332      57          77    181         84      60        420    128    159     195     34


   1 HOUR       1        2        3          4      5          6       7          8      9      10      11     12
   TOTALS      SBRT    SBTH     SBLT        WBRT   WBTH       WBLT    NBRT       NBTH   NBLT   EBRT    EBTH   EBLT   TOTALS
  0300-0400    123     1196      305         300   658        223     242        1285   453    465     677    132     6059
  0315-0415    113     1251      322         314   679        252     238        1368   462    498     710    128     6335
  0330-0430    118     1279      338         332   713        262     243        1445   457    544     714    117     6562
  0345-0445    127     1355      324         323   742        278     244        1522   432    568     728    116     6759
  0400-0500    122     1393      294         321   744        292     250        1563   421    578     738    120     6836
  0415-0515    120     1365      254         312   728        282     277        1581   439    577     763    130     6828
  0430-0530    117     1352      219         302   711        310     275        1609   439    526     797    138     6795
  0445-0545    116     1300      206         306   699        321     281        1660   457    528     804    123     6801
  0500-0600    118     1302      206         308   701        333     280        1684   485    554     802    122     6895




   P.M. PEAK HOUR                                       118    1302        206
      0500-0600


                                      122                                                        308

                                      802                                                        701
  WASHINGTON BOULEVARD
                                      554                                                        333




                                                        485    1684        280


                                                          LINCOLN BOULEVARD
INTERSECTION TURNING MOVEMENT COUNT SUMMARY

CLIENT:               HIRSCH/GREEN TRANSPORTATION CONSULTING, INC.
PROJECT:              4100 DEL REY AVENUE - MARINA DEL REY
DATE:                 THURSDAY, APRIL 14, 2011
PERIOD:               07:00 AM TO 10:00 AM
INTERSECTION   N/S    LINCOLN BOULEVARD
               E/W    WASHINGTON BOULEVARD
FILE NUMBER:          1-AM


  15 MINUTE     1        2        3          4      5          6       7          8      9      10      11     12
   TOTALS      SBRT    SBTH     SBLT        WBRT   WBTH       WBLT    NBRT       NBTH   NBLT   EBRT    EBTH   EBLT
  0700-0715     26      173      26          26     84         18      24        330     91     71     108     24
  0715-0730     22      210      29          34    109         28      31        470    109     97     142     23
  0730-0745     24      247      49          56    153         29      27        412    118    101     130     26
  0745-0800     34      274      60          54    148         33      35        429    125    118     168     34
  0800-0815     28      276      62          54    138         35      26        497    129    136     175     29
  0815-0830     32      317      67          61    136         40      42        458    139    150     178     36
  0830-0845     34      336      64          57    142         35      59        426    134    141     188     23
  0845-0900     27      296      60          63    155         35      51        412    130    143     186     36
  0900-0915     28      253      65          69    147         33      55        433    135    120     180     40
  0915-0930     25      277      59          66    141         38      61        354    133    143     173     34
  0930-0945     22      304      53          57    139         41      72        358    140    117     181     39
  0945-1000     24      301      51          55    128         35      63        386    103    106     177     36


   1 HOUR       1        2        3          4      5          6       7          8      9      10      11     12
   TOTALS      SBRT    SBTH     SBLT        WBRT   WBTH       WBLT    NBRT       NBTH   NBLT   EBRT    EBTH   EBLT   TOTALS
  0700-0800    106      904      164         170   494        108     117        1641   443    387     548    107     5189
  0715-0815    108     1007      200         198   548        125     119        1808   481    452     615    112     5773
  0730-0830    118     1114      238         225   575        137     130        1796   511    505     651    125     6125
  0745-0845    128     1203      253         226   564        143     162        1810   527    545     709    122     6392
  0800-0900    121     1225      253         235   571        145     178        1793   532    570     727    124     6474
  0815-0915    121     1202      256         250   580        143     207        1729   538    554     732    135     6447
  0830-0930    114     1162      248         255   585        141     226        1625   532    547     727    133     6295
  0845-0945    102     1130      237         255   582        147     239        1557   538    523     720    149     6179
  0900-1000     99     1135      228         247   555        147     251        1531   511    486     711    149     6050




   A.M. PEAK HOUR                                       121    1225        253
      0800-0900


                                      124                                                        235

                                      727                                                        571
  WASHINGTON BOULEVARD
                                      570                                                        145




                                                        532    1793        178


                                                          LINCOLN BOULEVARD
