WILTEC                                                                                                    Phone: (626) 564-1944   Fax: (626) 564-1944     E-mail: info@wiltecusa.com
INTERSECTION TURNING MOVEMENT COUNT SUMMARY

CLIENT:                         FEHR & PEERS
PROJECT:                        BOYLE HEIGHTS MIXED USE PROJECT
DATE:                           TUESDAY MARCH 17, 2009
PERIODS:                        7:00 AM TO 9:00 AM AND         4:00 PM TO 6:00 PM
INTERSECTION:     2 N/S         SOTO STREET
                    E/W         MARENGO STREET

15 MIN COUNTS                                          7:00 AM TO 9:00 AM
                   1        2        3      4      5         6        7        8      9     10     11     12
PERIOD          SBRT   SBTH       SBLT   WBRT   WBTH     WBLT     NBRT      NBTH   NBLT   EBRT   EBTH   EBLT   TOTAL       PEAK HOUR
700-715           85      135       98     23     55        15       44      143    126     32     31     14     801         715-815                                    139
715-730          103      190      124     43     92         5       52      207    142     35     44     14    1051
730-745          130      215      147     33     98         2       47      220    177     46     78     22    1215                   477    822   540                 430
745-800          124      225      149     36    145         9       32      185    154     44     65     21    1189
800-815          120      192      120     27     95         7       32      153    158     54     60     27    1045                                                    23
815-830           83      153       93     24     58         6       29      165    135     53     42     26     867
830-845           78      160       96     17     57         4       32      169    125     41     47     22     848
845-900           67      148       85     23     50         3       28      126     76     31     29     10     676                     84
HOUR TOTALS
                   1        2        3      4      5         6        7        8      9     10     11     12           MARENGO STREET 247                  631    765    163
TIME            SBRT   SBTH       SBLT   WBRT   WBTH     WBLT     NBRT      NBTH   NBLT   EBRT   EBTH   EBLT   TOTAL
700-800          442      765      518    135    390        31      175      755    599    157    218     71    4256                    179
715-815          477      822      540    139    430        23      163      765    631    179    247     84    4500                                             SOTO STREET
730-830          457      785      509    120    396        24      140      723    624    197    245     96    4316
745-845          405      730      458    104    355        26      125      672    572    192    214     96    3949
800-900          348      653      394     91    260        20      121      613    494    179    178     85    3436


15 MIN COUNTS                                          4:00 PM TO 6:00 PM
                   1        2        3      4      5         6        7        8      9     10     11     12
PERIOD          SBRT   SBTH       SBLT   WBRT   WBTH     WBLT     NBRT      NBTH   NBLT   EBRT   EBTH   EBLT   TOTAL       PEAK HOUR
400-415           29      129      135     13     24         4       64      217     79     89    141     45     969         445-545                                    59
415-430           44      153      147     14     27         2       64      227     75     64    128     46     991
430-445           55      145      157      8     29         3       79      221     74     86    168     54    1079                   209    577   568                 151
445-500           60      150      142     14     30         6       60      234     92     84    180     71    1123
500-515           52      131      161     14     52         5       67      231     96    107    158     60    1134                                                    20
515-530           51      149      139     14     34         2       61      228     90     62    137     64    1031
530-545           46      147      126     17     35         7       65      253     97     76    171     58    1098
545-600           57      131      124     16     49         6       59      237     84     69    146     64    1042                    253
HOUR TOTALS
                   1        2        3      4      5         6        7        8      9     10     11     12           MARENGO STREET 646                  375    946    253
TIME            SBRT   SBTH       SBLT   WBRT   WBTH     WBLT     NBRT      NBTH   NBLT   EBRT   EBTH   EBLT   TOTAL
400-500          188      577      581     49    110        15      267      899    320    323    617    216    4162                    329
415-515          211      579      607     50    138        16      270      913    337    341    634    231    4327                                             SOTO STREET
430-530          218      575      599     50    145        16      267      914    352    339    643    249    4367
445-545          209      577      568     59    151        20      253      946    375    329    646    253    4386
500-600          206      558      550     61    170        20      252      949    367    314    612    246    4305
