WILTEC                                                                                  Phone: (626) 564-1944    Fax: (626) 564-0969
INTERSECTION TURNING MOVEMENT COUNT SUMMARY
                                                                                                                    INT. 10
CLIENT:                             KAKU ASSOCIATES
PROJECT:                            NBC UNIVERSAL COUNTS
DATE:                               THURSDAY OCTOBER 12, 2006
PERIOD:                             7:00 AM TO 10:00 AM
INTERSECTION:           N/S         VINELAND AVENUE
                        E/W         RIVERSIDE DRIVE

15 MIN COUNTS
                    1           2         3      4        5        6       7       8      9      10         11        12
PERIOD           SBRT       SBTH       SBLT   WBRT    WBTH      WBLT   NBRT    NBTH    NBLT    EBRT      EBTH       EBLT    TOTAL
700-715             1         237        23     22       64       42      51      86     16      31        109        26       708
715-730             5         248        35     39       95       41      96     100     19      47        149        21       895
730-745             3         274        31     47      125       39     111     132     13      49        185        28      1037
745-800             2         313        41     27      112       35      89     196     29      68        236        15      1163
800-815             6         288        28     41      106       36     115     119     20      57        268        18      1102
815-830             2         289        29     27       92       28     112     148     15      50        281        14      1087
830-845             4         291        45     22       73       35     123     164     13      68        246        30      1114
845-900             4         275        35     34       75       32     105     124     28      65        211        14      1002
900-915             3         255        39     27       57       30     132     132     11      43        274        15      1018
915-930             1         240        30     38       52       38     118      99      7      49        261        19       952
930-945             4         226        37     33       44       34     120     114     12      42        227        24       917
945-1000            5         211        35     28       40       53     112     105     14      33        185        22       843
HOUR TOTALS
                    1           2         3       4       5        6       7       8      9       10        11        12
TIME             SBRT       SBTH       SBLT   WBRT    WBTH      WBLT   NBRT    NBTH    NBLT    EBRT      EBTH       EBLT    TOTAL
700-800            11        1072       130     135     396      157     347     514     77      195       679        90      3803
715-815            16        1123       135     154     438      151     411     547     81      221       838        82      4197
730-830            13        1164       129     142     435      138     427     595     77      224       970        75      4389
745-845            14        1181       143     117     383      134     439     627     77      243      1031        77      4466
800-900            16        1143       137     124     346      131     455     555     76      240      1006        76      4305
815-915            13        1110       148     110     297      125     472     568     67      226      1012        73      4221
830-930            12        1061       149     121     257      135     478     519     59      225       992        78      4086
845-945            12         996       141     132     228      134     475     469     58      199       973        72      3889
900-1000           13         932       141     126     193      155     482     450     44      167       947        80      3730




           A.M. PEAK HOUR
                745-845                                                        117

                                      14      1181    143                      383

                                                                               134



                                      77

RIVERSIDE DRIVE                      1031                       77     627     439

                                      243

                                                                 VINELAND AVENUE
WILTEC                                                                                 Phone: (626) 564-1944    Fax: (626) 564-0969
INTERSECTION TURNING MOVEMENT COUNT SUMMARY
                                                                                                                   INT. 10
CLIENT:                            KAKU ASSOCIATES
PROJECT:                           NBC UNIVERSAL COUNTS
DATE:                              THURSDAY OCTOBER 12, 2006
PERIOD:                            3:00 PM TO 6:00 PM
INTERSECTION:          N/S         VINELAND AVENUE
                       E/W         RIVERSIDE DRIVE

15 MIN COUNTS
                   1           2         3      4        5        6       7       8      9      10         11        12
PERIOD          SBRT       SBTH       SBLT   WBRT    WBTH      WBLT   NBRT    NBTH    NBLT    EBRT      EBTH       EBLT    TOTAL
300-315            6         176        31     42       92       65     132     212     34      32        117        23       962
315-330            5         190        33     61       97       62      86     192     26      32        125        35       944
330-345            4         189        38     46      107       88      95     175     20      23        108        25       918
345-400            6         156        37     49      119       69      87     188     16      21        119        27       894
400-415            5         165        29     60      146       69     102     204     19      24        121        33       977
415-430            3         132        26     58      138       75      84     187     17      20        117        29       886
430-445            5         149        27     51      155       67     102     200     28      27        141        25       977
445-500            7         181        22     72      154       71      82     183     22      28        125        25       972
500-515            8         186        27     89      181       85      81     204     31      29        119        23      1063
515-530            5         177        25     74      179       72      76     201     35      36        133        35      1048
530-545            3         193        14     66      198       77      70     201     27      29        109        35      1022
545-600            6         159        23     58      211       81      63     193     46      19        102        34       995
HOUR TOTALS
                   1           2         3       4       5        6       7       8      9       10        11        12
TIME            SBRT       SBTH       SBLT   WBRT    WBTH      WBLT   NBRT    NBTH    NBLT    EBRT      EBTH       EBLT    TOTAL
300-400           21         711       139     198     415      284     400     767     96      108       469       110      3718
315-415           20         700       137     216     469      288     370     759     81      100       473       120      3733
330-430           18         642       130     213     510      301     368     754     72       88       465       114      3675
345-445           19         602       119     218     558      280     375     779     80       92       498       114      3734
400-500           20         627       104     241     593      282     370     774     86       99       504       112      3812
415-515           23         648       102     270     628      298     349     774     98      104       502       102      3898
430-530           25         693       101     286     669      295     341     788    116      120       518       108      4060
445-545           23         737        88     301     712      305     309     789    115      122       486       118      4105
500-600           22         715        89     287     769      315     290     799    139      113       463       127      4128




          P.M. PEAK HOUR
               500-600                                                        287

                                     22      715     89                       769

                                                                              315



                                     127

RIVERSIDE DRIVE                      463                       139    799     290

                                     113

                                                                VINELAND AVENUE
