WILTEC                                                                                   Phone: (626) 564-1944    Fax: (626) 564-0969
INTERSECTION TURNING MOVEMENT COUNT SUMMARY
                                                                                                                     INT. 11
CLIENT:                             KAKU ASSOCIATES
PROJECT:                            NBC UNIVERSAL COUNTS
DATE:                               WEDNESDAY NOVEMBER 15, 2006
PERIOD:                             7:00 AM TO 10:00 AM
INTERSECTION:            N/S        VINELAND AVENUE
                         E/W        MOORPARK STREET

15 MIN COUNTS
                     1          2         3      4       5      6          7        8      9       10        11        12
PERIOD           SBRT       SBTH       SBLT   WBRT   WBTH    WBLT       NBRT    NBTH    NBLT    EBRT      EBTH       EBLT    TOTAL
700-715             93        200        12      3     106     16         11      142     52       43        75        46       799
715-730            111        247        18     12     138     15         20      162     77       66        98        38      1002
730-745             80        261        17     10     151     11         27      188     66       78       104        44      1037
745-800             76        281        30     10     143     25         40      221     92       95       133        50      1196
800-815             91        308        18     22     143     22         35      214     84      110       128        48      1223
815-830             76        263        20     13     116     21         35      181     77       98       145        57      1102
830-845             69        286        36     12     139     21         55      222     63      112       154        60      1229
845-900             51        255        32     17     120     24         49      208     46       97       173        58      1130
900-915             36        258        54      4     111     23         56      197     57      102       148        49      1095
915-930             56        238        57     21     122     28         38      179     46       89       177        64      1115
930-945             45        206        34     12     111     39         29      166     56       89       162        58      1007
945-1000            51        226        26      3      87     17         37      144     43       60       120        61       875
HOUR TOTALS
                     1          2         3      4       5      6           7       8      9       10        11        12
TIME             SBRT       SBTH       SBLT   WBRT   WBTH    WBLT       NBRT    NBTH    NBLT    EBRT      EBTH       EBLT    TOTAL
700-800            360        989        77     35     538     67          98     713    287      282       410       178      4034
715-815            358       1097        83     54     575     73         122     785    319      349       463       180      4458
730-830            323       1113        85     55     553     79         137     804    319      381       510       199      4558
745-845            312       1138       104     57     541     89         165     838    316      415       560       215      4750
800-900            287       1112       106     64     518     88         174     825    270      417       600       223      4684
815-915            232       1062       142     46     486     89         195     808    243      409       620       224      4556
830-930            212       1037       179     54     492     96         198     806    212      400       652       231      4569
845-945            188        957       177     54     464    114         172     750    205      377       660       229      4347
900-1000           188        928       171     40     431    107         160     686    202      340       607       232      4092




           A.M. PEAK HOUR
                745-845                                                         57

                                      312     1138   104                        541

                                                                                89



                                      215

MOORPARK STREET                       560                    316        838     165

                                      415

                                                                  VINELAND AVENUE
WILTEC                                                                                  Phone: (626) 564-1944    Fax: (626) 564-0969
INTERSECTION TURNING MOVEMENT COUNT SUMMARY
                                                                                                                    INT. 11
CLIENT:                            KAKU ASSOCIATES
PROJECT:                           NBC UNIVERSAL COUNTS
DATE:                              WEDNESDAY NOVEMBER 15, 2006
PERIOD:                            3:00 PM TO 6:00 PM
INTERSECTION:           N/S        VINELAND AVENUE
                        E/W        MOORPARK STREET

15 MIN COUNTS
                   1           2         3      4       5      6          7        8      9      10         11        12
PERIOD          SBRT       SBTH       SBLT   WBRT   WBTH    WBLT       NBRT    NBTH    NBLT    EBRT      EBTH       EBLT    TOTAL
300-315           70         159        22      6     133     16         28      264     78      64         91        62       993
315-330           64         170        10      4     148     11         29      230     75      63        111        53       968
330-345           91         173        14     14     136     13         31      240     64      51        127        45       999
345-400           93         204         7      9     140     16         23      235     69      52        130        60      1038
400-415           70         177         9     28     154     29         34      238     73      51        105        50      1018
415-430           80         157         6     14     147     35         31      234     78      55        128        56      1021
430-445           85         177        13     12     152     21         23      239     49      41        113        37       962
445-500           68         202         9     16     149     32         23      224     67      60        112        42      1004
500-515           77         245         9     16     180     26         32      282     76      52        134        56      1185
515-530           71         185         8      9     203     36         29      265     44      36        119        29      1034
530-545           69         216        14     11     196     24         27      243     68      53        122        37      1080
545-600           64         217         9     11     200     38         26      255     81      53        123        31      1108
HOUR TOTALS
                    1          2         3      4       5      6           7       8      9       10        11        12
TIME            SBRT       SBTH       SBLT   WBRT   WBTH    WBLT       NBRT    NBTH    NBLT    EBRT      EBTH       EBLT    TOTAL
300-400           318        706        53     33     557     56         111     969    286      230       459       220      3998
315-415           318        724        40     55     578     69         117     943    281      217       473       208      4023
330-430           334        711        36     65     577     93         119     947    284      209       490       211      4076
345-445           328        715        35     63     593    101         111     946    269      199       476       203      4039
400-500           303        713        37     70     602    117         111     935    267      207       458       185      4005
415-515           310        781        37     58     628    114         109     979    270      208       487       191      4172
430-530           301        809        39     53     684    115         107    1010    236      189       478       164      4185
445-545           285        848        40     52     728    118         111    1014    255      201       487       164      4303
500-600           281        863        40     47     779    124         114    1045    269      194       498       153      4407




          P.M. PEAK HOUR
               500-600                                                         47

                                     281     863     40                        779

                                                                               124



                                     153

MOORPARK STREET                      498                    269       1045     114

                                     194

                                                                 VINELAND AVENUE
