WILTEC                                                                                   Phone: (626) 564-1944    Fax: (626) 564-0969
INTERSECTION TURNING MOVEMENT COUNT SUMMARY
                                                                                                                     INT. 8
CLIENT:                             KAKU ASSOCIATES
PROJECT:                            NBC UNIVERSAL COUNTS
DATE:                               THURSDAY NOVEMBER 9, 2006
PERIOD:                             7:00 AM TO 10:00 AM
INTERSECTION:            N/S        VINELAND BOULEVARD
                         E/W        MAGNOLIA BOULEVARD

15 MIN COUNTS
                    1           2         3      4        5        6       7        8      9      10         11        12
PERIOD           SBRT       SBTH       SBLT   WBRT    WBTH      WBLT    NBRT    NBTH    NBLT    EBRT      EBTH       EBLT     TOTAL
700-715            16         224        28      9      110       23       4       62     12       8        104        12       612
715-730            20         202        40     16       96       28       5       78     21       6        111        10       633
730-745            25         237        48     22      112       23      16       89     21       8        126        12       739
745-800            28         238        41     18      117       19      13      114     18       7        148        15       776
800-815            33         255        60     27      139       24      13      110     23      10        157        15       866
815-830            33         257        64     39      145       33      23      120     16      10        167        11       918
830-845            30         228        54     29      137       20      30      107     27      10        166        13       851
845-900            30         225        59     33      151       30      29      143     19      11        156        22       908
900-915            19         225        48     18      149       28      19      110     15       5        148        16       800
915-930            33         217        55     26      117       16      27       93     20      11        158         9       782
930-945            24         206        51     17      111       18      15       89     23       3        132        18       707
945-1000           22         186        60     23      120       31      27      105     21       5        155        21       776
HOUR TOTALS
                     1          2         3       4       5        6        7       8      9      10         11        12
TIME             SBRT       SBTH       SBLT   WBRT    WBTH      WBLT    NBRT    NBTH    NBLT    EBRT      EBTH       EBLT     TOTAL
700-800             89        901       157      65     435       93       38     343     72      29        489        49       2760
715-815            106        932       189      83     464       94       47     391     83      31        542        52       3014
730-830            119        987       213     106     513       99       65     433     78      35        598        53       3299
745-845            124        978       219     113     538       96       79     451     84      37        638        54       3411
800-900            126        965       237     128     572      107       95     480     85      41        646        61       3543
815-915            112        935       225     119     582      111      101     480     77      36        637        62       3477
830-930            112        895       216     106     554       94      105     453     81      37        628        60       3341
845-945            106        873       213      94     528       92       90     435     77      30        594        65       3197
900-1000            98        834       214      84     497       93       88     397     79      24        593        64       3065




           A.M. PEAK HOUR
                800-900                                                         128

                                      126     965     237                       572

                                                                                107



                                      61

MAGNOLIA BOULEVARD                    646                       85     480      95

                                      41

                                                                VINELAND BOULEVARD
WILTEC                                                                                  Phone: (626) 564-1944    Fax: (626) 564-0969
INTERSECTION TURNING MOVEMENT COUNT SUMMARY
                                                                                                                    INT. 8
CLIENT:                            KAKU ASSOCIATES
PROJECT:                           NBC UNIVERSAL COUNTS
DATE:                              THURSDAY NOVEMBER 9, 2006
PERIOD:                            3:00 PM TO 6:00 PM
INTERSECTION:           N/S        VINELAND BOULEVARD
                        E/W        MAGNOLIA BOULEVARD

15 MIN COUNTS
                   1           2         3      4        5        6       7        8      9      10         11        12
PERIOD          SBRT       SBTH       SBLT   WBRT    WBTH      WBLT    NBRT    NBTH    NBLT    EBRT      EBTH       EBLT     TOTAL
300-315           33         139        40     41      198       20      34      140     34       6        155        21        861
315-330           53         162        56     42      191       29      23      165     26       8        182        27        964
330-345           55         153        61     32      179       36      18      141     26      10        169        28        908
345-400           51         180        76     46      198       32      31      164     38      12        168        27       1023
400-415           33         146        64     30      217       22      21      176     27      14        175        22        947
415-430           28         149        61     43      210       25      25      202     34       8        197        29       1011
430-445           39         155        71     52      236       26      31      193     33       7        165        15       1023
445-500           25         151        69     45      241       17      30      187     26       5        159        18        973
500-515           45         183        81     45      235       33      42      200     28       9        184        14       1099
515-530           32         173        68     40      245       23      36      182     27      13        202        15       1056
530-545           41         165        71     34      221       26      26      174     32      10        180        18        998
545-600           34         139        66     47      208       39      42      202     34       9        201        16       1037
HOUR TOTALS
                    1          2         3       4       5        6        7       8      9      10         11        12
TIME            SBRT       SBTH       SBLT   WBRT    WBTH      WBLT    NBRT    NBTH    NBLT    EBRT      EBTH       EBLT     TOTAL
300-400           192        634       233     161     766      117      106     610    124      36        674       103       3756
315-415           192        641       257     150     785      119       93     646    117      44        694       104       3842
330-430           167        628       262     151     804      115       95     683    125      44        709       106       3889
345-445           151        630       272     171     861      105      108     735    132      41        705        93       4004
400-500           125        601       265     170     904       90      107     758    120      34        696        84       3954
415-515           137        638       282     185     922      101      128     782    121      29        705        76       4106
430-530           141        662       289     182     957       99      139     762    114      34        710        62       4151
445-545           143        672       289     164     942       99      134     743    113      37        725        65       4126
500-600           152        660       286     166     909      121      146     758    121      41        767        63       4190




          P.M. PEAK HOUR
               500-600                                                         166

                                     152     660     286                       909

                                                                               121



                                     63

MAGNOLIA BOULEVARD                   767                       121    758      146

                                     41

                                                               VINELAND BOULEVARD
