WILTEC                                                                                                                                                                     Phone: (925) 706-9911   Fax: (925) 706-9914
INTERSECTION TURNING MOVEMENT COUNT SUMMARY
                                                                                                                                                                                                     INT. 9
CLIENT:                    KAKU ASSOCIATES
PROJECT:                   NBC UNIVERSAL COUNTS
DATE:                      WEDNESDAY NOVEMBER 15, 2006
PERIOD:                    6:00 AM TO 9:00 AM
INTERSECTION:        N/S   VINELAND BOULEVARD/ LANKERSHIM BOULEVARD
                     E/W   CAMARILLO STREET

15 MIN COUNTS
                     SB VINELAND AVENUE           WB CAMARILLO STREET        NWB LANKERSHIM BOULEVARD           NB VINELAND AVENUE             EB CAMARILLO STREET        SEB LANKERSHIM BOULEVARD
PERIOD          A         B    C     D    E     F     G     H      I     J    K     L     M     N     O    P        Q     R     S    T    U         V    W      X    Y     Z    AA    BB    CC    DD TOTALS
700-715          0       36   170    29    2     1     0    88     9     6     3    10    31     5     0    0        1    59    22    2    4         8   36      6    0     2    56   187     5     0    778
715-730          0       33   226    46    4     2     2   113    18     8     3    19    57    10     2    1        6    74    15   11    8       12    57      9    2     7    61   233     7     0   1046
730-745          0       39   204    31    2     5    13   146    22    10     5    27    66    12     0    2        5   107    24    7   12       16    72     13    1     5    33   224     4     0   1107
745-800          0       18   246    34    3     6     5   115    20    13     4    24    94    12     0    0        6    89    27    3    4       20    94     10    1     2    49   263    10     1   1173
800-815          0       16   239    39    3     5     5   130    18    10     5    43    91    11     0    0        7   105    20   12   26       24    90      8    3     3    44   283    14     0   1254
815-830          0       13   235    25    6     5     4   108     5     9     6    42    89    15     0    0        0    84    13    5   17       36    93      9    0     0    51   318    13     0   1201
830-845          0       27   253    33    2     1    11   100    12     6     4    56    96     9     0    5        2    96    16    8   27       39    94     12    4     9    42   280     6     0   1250
845-900          1       15   216    33    3     4    15   101     7     5     4    47   100    11     1    1       11    94    24    4   22       47   105      9    5     4    42   310     9     0   1250
900-915          0       14   231    49    4     3    11    88    12     8    14    27    94     7     0    3        6    72    13    6   16       24    92     13    2     5    45   303     7     1   1170
915-930          0         7  221    42    1     5     9    66    15     2     3    30    82    17     0    5       16    89    11    7   17       23    85     10    3     6    33   243     6     0   1054
930-945          1         6  184    36    4     3    11    60    16     5    10    39   104    14     2    2        9    90    19    7   14       23    75     11    7     1    37   257    14     0   1061
945-1000         0       10   146    30    7     2    10    71    12     5     5    35   110    13     1    2       10    90    20    7   14       20    76     11    6     9    50   265     4     1   1042
HOUR TOTALS
                     SB VINELAND AVENUE           WB CAMARILLO STREET        NWB LANKERSHIM BOULEVARD           NB VINELAND AVENUE             EB CAMARILLO STREET        SEB LANKERSHIM BOULEVARD
TIME            A         B    C     D    E     F     G     H      I     J    K     L     M     N     O    P        Q     R     S    T    U         V    W      X    Y     Z    AA    BB    CC    DD TOTALS
700-800          0      126   846   140   11    14    20   462    69    37    15    80   248    39     2    3       18   329    88   23   28        56  259     38    4    16   199   907    26     1   4104
715-815          0      106   915   150   12    18    25   504    78    41    17   113   308    45     2    3       24   375    86   33   50        72  313     40    7    17   187  1003    35     1   4580
730-830          0       86   924   129   14    21    27   499    65    42    20   136   340    50     0    2       18   385    84   27   59        96  349     40    5    10   177  1088    41     1   4735
745-845          0       74   973   131   14    17    25   453    55    38    19   165   370    47     0    5       15   374    76   28   74       119  371     39    8    14   186  1144    43     1   4878
800-900          1       71   943   130   14    15    35   439    42    30    19   188   376    46     1    6       20   379    73   29   92       146  382     38   12    16   179  1191    42     0   4955
815-915          1       69   935   140   15    13    41   397    36    28    28   172   379    42     1    9       19   346    66   23   82       146  384     43   11    18   180  1211    35     1   4871
830-930          1       63   921   157   10    13    46   355    46    21    25   160   372    44     1   14       35   351    64   25   82       133  376     44   14    24   162  1136    28     1   4724
845-945          2       42   852   160   12    15    46   315    50    20    31   143   380    49     3   11       42   345    67   24   69       117  357     43   17    16   157  1113    36     1   4535
900-1000         1       37   782   157   16    13    41   285    55    20    32   131   390    51     3   12       41   341    63   27   61        90  328     45   18    21   165  1068    31     2   4327




      A.M. PEAK HOUR
           800-900
WILTEC                                                                                                                                                                     Phone: (925) 706-9911   Fax: (925) 706-9914
INTERSECTION TURNING MOVEMENT COUNT SUMMARY
                                                                                                                                                                                                     INT. 9
CLIENT:                    KAKU ASSOCIATES
PROJECT:                   NBC UNIVERSAL COUNTS
DATE:                      WEDNESDAY NOVEMBER 15, 2006
PERIOD:                    3:00 PM TO 6:00 PM
INTERSECTION:        N/S   VINELAND BOULEVARD/ LANKERSHIM BOULEVARD
                     E/W   CAMARILLO STREET

15 MIN COUNTS
                     SB VINELAND AVENUE           WB CAMARILLO STREET        NWB LANKERSHIM BOULEVARD           NB VINELAND AVENUE             EB CAMARILLO STREET        SEB LANKERSHIM BOULEVARD
PERIOD          A         B    C     D    E     F     G     H      I     J    K     L     M     N     O    P        Q     R     S    T    U         V    W      X    Y     Z    AA    BB    CC    DD TOTALS
300-315          0         9  115    44    3     8    15    68    14     3    11    45   131    11     1    3       11   132    20   14   10       16    83     16    8    22    39   131     6     5    994
315-330          0       14   131    27    3    10    20    89    19     8    14    66   160    28     3    3        3   133    29   19   10       20    69     21    3    23    27   126     6     0   1084
330-345          0       18   152    30    5     8     7    77     7     5     5    45   134     9     1    4        5   118    25    8   19       14    93     18    9    11    41   124    11     1   1004
345-400          0       19   166    30    5     8    11    72    14     6     6    60   162    15     0    2        8   111    17    8   17         9   80     25    4    12    39   123     9     0   1038
400-415          0       20   121    32    5     4    14    81    10     5     5    64   151    19     0    4        7   145    24   13   12       19   105     23    7    13    32   138    16     0   1089
415-430          0       17   129    28    4     7    18   108    12    11     5    66   127    17     0    1       21   121    23    8   11       17    94     15    5    12    37   139    10     0   1063
430-445          0       18   136    31    4     7    14    92    17     5     3    74   150    25     0    2        7   150    34   11   14       13    91     22    8    15    33   124     9     0   1109
445-500          0       19   157    38    4     9    12   101    16     6     4    57   146    19     2    4       11   172    38   16   15       15    98     17    7    22    42   132    10     0   1189
500-515          0       19   164    30    3     7    13   104    13     5     3    69   174    19     0    0       10   150    22   15   18       14   114     20    6    16    34   143     7     0   1192
515-530          0       16   143    30   11     6    15    99    15     6     4    51   138    18     0    0       10   141    22   15   18       15   104     20    7    12    27   167    14     0   1124
530-545          0       13   142    26    9     7    11   127    15     4     9    67   172    34     0    2       11   137    19   10   15       21    84     17    0    16    29   148    11     1   1157
545-600          0         9  153    29    7     7    15   131    15     6     4    52   152    23     1    0       10   182    31   18   23       16   103     22    3    22    27   161    12     0   1234
HOUR TOTALS
                     SB VINELAND AVENUE           WB CAMARILLO STREET        NWB LANKERSHIM BOULEVARD           NB VINELAND AVENUE             EB CAMARILLO STREET        SEB LANKERSHIM BOULEVARD
PERIOD          A         B    C     D    E     F     G     H      I     J    K     L     M     N     O    P        Q     R     S    T    U         V    W      X    Y     Z    AA    BB    CC    DD TOTALS
300-400          0       60   564   131   16    34    53   306    54    22    36   216   587    63     5   12       27   494    91   49   56       59   325     80   24    68   146   504    32     6   4120
315-415          0       71   570   119   18    30    52   319    50    24    30   235   607    71     4   13       23   507    95   48   58       62   347     87   23    59   139   511    42     1   4215
330-430          0       74   568   120   19    27    50   338    43    27    21   235   574    60     1   11       41   495    89   37   59       59   372     81   25    48   149   524    46     1   4194
345-445          0       74   552   121   18    26    57   353    53    27    19   264   590    76     0    9       43   527    98   40   54       58   370     85   24    52   141   524    44     0   4299
400-500          0       74   543   129   17    27    58   382    55    27    17   261   574    80     2   11       46   588   119   48   52       64   388     77   27    62   144   533    45     0   4450
415-515          0       73   586   127   15    30    57   405    58    27    15   266   597    80     2    7       49   593   117   50   58       59   397     74   26    65   146   538    36     0   4553
430-530          0       72   600   129   22    29    54   396    61    22    14   251   608    81     2    6       38   613   116   57   65       57   407     79   28    65   136   566    40     0   4614
445-545          0       67   606   124   27    29    51   431    59    21    20   244   630    90     2    6       42   600   101   56   66       65   400     74   20    66   132   590    42     1   4662
500-600          0       57   602   115   30    27    54   461    58    21    20   239   636    94     1    2       41   610    94   58   74       66   405     79   16    66   117   619    44     1   4707




      P.M. PEAK HOUR
           500-600
