WILTEC                                                                                   Phone: (626) 564-1944    Fax: (626) 564-0969
INTERSECTION TURNING MOVEMENT COUNT SUMMARY
                                                                                                                     INT. 149
CLIENT:                             KAKU ASSOCIATES
PROJECT:                            NBC UNIVERSAL COUNTS
DATE:                               WEDNESDAY NOVEMBER 8, 2006
PERIOD:                             7:00 AM TO 10:00 AM
INTERSECTION:            N/S        LAUREL CANYON BOULEVARD
                         E/W        MOORPARK STREET

15 MIN COUNTS
                    1           2         3      4        5        6       7        8      9      10         11        12
PERIOD           SBRT       SBTH       SBLT   WBRT    WBTH      WBLT    NBRT    NBTH    NBLT    EBRT      EBTH       EBLT    TOTAL
700-715            43         386        31     33      101       37      19      158      6      26         70        29       939
715-730            47         381        25     29      145       23      22      200     18      18        120        41      1069
730-745            66         374        36     62      183       34      27      200     10      28        169        28      1217
745-800            83         357        37     42      138       37      23      231     15      33        192        39      1227
800-815            80         351        65     50      137       44      22      281     14      36        162        34      1276
815-830            64         354        45     29      120       22      28      270     16      36        195        40      1219
830-845            74         347        42     30      136       32      24      254     12      18        170        28      1167
845-900            63         354        33     29      109       31      36      276     18      35        218        41      1243
900-915            36         379        39     38      112       24      30      269     19      37        209        33      1225
915-930            44         365        26     29       74       29      24      233     16      45        129        28      1042
930-945            22         398        34     26       75       34      33      239     22      30        139        34      1086
945-1000           33         378        24     31       77       19      24      312     16      33        134        41      1122
HOUR TOTALS
                     1          2         3       4       5        6        7       8      9       10        11        12
TIME             SBRT       SBTH       SBLT   WBRT    WBTH      WBLT    NBRT    NBTH    NBLT    EBRT      EBTH       EBLT    TOTAL
700-800            239       1498       129     166     567      131       91     789     49      105       551       137      4452
715-815            276       1463       163     183     603      138       94     912     57      115       643       142      4789
730-830            293       1436       183     183     578      137      100     982     55      133       718       141      4939
745-845            301       1409       189     151     531      135       97    1036     57      123       719       141      4889
800-900            281       1406       185     138     502      129      110    1081     60      125       745       143      4905
815-915            237       1434       159     126     477      109      118    1069     65      126       792       142      4854
830-930            217       1445       140     126     431      116      114    1032     65      135       726       130      4677
845-945            165       1496       132     122     370      118      123    1017     75      147       695       136      4596
900-1000           135       1520       123     124     338      106      111    1053     73      145       611       136      4475




           A.M. PEAK HOUR
                730-830                                                         183

                                      293     1436    183                       578

                                                                                137



                                      141

MOORPARK STREET                       718                        55     982     100

                                      133

                                                              LAUREL CANYON BOULEVARD
WILTEC                                                                                  Phone: (626) 564-1944    Fax: (626) 564-0969
INTERSECTION TURNING MOVEMENT COUNT SUMMARY
                                                                                                                    INT. 149
CLIENT:                            KAKU ASSOCIATES
PROJECT:                           NBC UNIVERSAL COUNTS
DATE:                              WEDNESDAY NOVEMBER 8, 2006
PERIOD:                            3:00 PM TO 6:00 PM
INTERSECTION:           N/S        LAUREL CANYON BOULEVARD
                        E/W        MOORPARK STREET

15 MIN COUNTS
                    1          2         3      4        5        6       7        8      9      10         11        12
PERIOD          SBRT       SBTH       SBLT   WBRT    WBTH      WBLT    NBRT    NBTH    NBLT    EBRT      EBTH       EBLT    TOTAL
300-315            72        319        35     48       96       22      30      369     22      38        161        63      1275
315-330            89        366        44     67      121       48      41      278     15      28        149        61      1307
330-345            97        345        55     53      129       35      19      311     14      19        143        50      1270
345-400           100        298        55     37       80       22      24      264     13      22        117        51      1083
400-415           116        353        57     39      117       40      28      313     19      16        158        41      1297
415-430            59        355        33     59      126       29      37      357     20      27        139        45      1286
430-445            63        300        41     27       96       20      33      308     19      35        146        36      1124
445-500            67        338        38     36      129       34      29      314     25      27        145        55      1237
500-515           100        333        66     37      108       34      49      381     30      48        173        67      1426
515-530            72        327        35     40      137       36      50      285     23      50        175        79      1309
530-545            80        342        27     48      120       26      31      281     26      26        136        46      1189
545-600            70        322        37     33      146       23      20      325     26      26        144        40      1212
HOUR TOTALS
                    1          2         3       4       5        6        7       8      9       10        11        12
TIME            SBRT       SBTH       SBLT   WBRT    WBTH      WBLT    NBRT    NBTH    NBLT    EBRT      EBTH       EBLT    TOTAL
300-400           358       1328       189     205     426      127      114    1222     64      107       570       225      4935
315-415           402       1362       211     196     447      145      112    1166     61       85       567       203      4957
330-430           372       1351       200     188     452      126      108    1245     66       84       557       187      4936
345-445           338       1306       186     162     419      111      122    1242     71      100       560       173      4790
400-500           305       1346       169     161     468      123      127    1292     83      105       588       177      4944
415-515           289       1326       178     159     459      117      148    1360     94      137       603       203      5073
430-530           302       1298       180     140     470      124      161    1288     97      160       639       237      5096
445-545           319       1340       166     161     494      130      159    1261    104      151       629       247      5161
500-600           322       1324       165     158     511      119      150    1272    105      150       628       232      5136




          P.M. PEAK HOUR
               445-545                                                         161

                                     319     1340    166                       494

                                                                               130



                                     247

MOORPARK STREET                      629                       104    1261     159

                                     151

                                                             LAUREL CANYON BOULEVARD
