WILTEC                                                                                     Phone: (626) 564-1944   Fax: (626) 564-1944   E-mail: info@wiltecusa.com
INTERSECTION TURNING MOVEMENT COUNT SUMMARY

CLIENT:                          FEHR & PEERS
PROJECT:                         BOYLE HEIGHTS MIXED USE PROJECT
DATE:                            THURSDAY, MARCH 12, 2009
PERIOD:                          7:00 AM TO 9:00 PM
INTERSECTION:      52 N/S        ALAMEDA AVENUE
                      E/W        14TH STREET

                           1                 2                 3                 4                 5                 6
                         SBRT              SBTH              SBLT              WBRT              WBTH              WBLT
15-MIN COUNTS   CARS    TRUCKS TOTAL CARS TRUCKS TOTAL CARS TRUCKS TOTAL CARS TRUCKS TOTAL CARS TRUCKS TOTAL CARS TRUCKS TOTAL
700-715             6         1    7   139     37   176    0      0     0   17      3    20   30      5    35  116     13   129
715-730             6         0    6   141     34   175    0      0     0   15      5    20   44      1    45  120     13   133
730-745             9         0    9   166     23   189    7      1     8   18      4    22   44      4    48  149     12   161
745-800             6         1    7   174     40   214    5      0     5   16      4    20   41      2    43  139      8   147
800-815             9         0    9   169     36   205    4      0     4   18      4    22   47      3    50  113     10   123
815-830             8         0    8   163     40   203    5      1     6   19      7    26   47      5    52  130      8   138
830-845             6         1    7   156     26   182    4      0     4   15      3    18   30      4    34  102     15   117
845-900             4         0    4   157     49   206    2      1     3   18      2    20   41      5    46  119     14   133
HOUR TOTALS
700-800            27        2       29    620     134   754       12   1   13   66   16   82    159       12      171   524       46     570
715-815            30        1       31    650     133   783       16   1   17   67   17   84    176       10      186   521       43     564
730-830            32        1       33    672     139   811       21   2   23   71   19   90    179       14      193   531       38     569
745-845            29        2       31    662     142   804       18   1   19   68   18   86    165       14      179   484       41     525
800-900            27        1       28    645     151   796       15   2   17   70   16   86    165       17      182   464       47     511


                        7                 8                 9                10                11                12                               ALL MOVEMENTS TOTALS
                      NBRT              NBTH              NBLT              EBRT              EBTH              EBLT
15-MIN COUNTS   CARS TRUCKS TOTAL CARS TRUCKS TOTAL CARS TRUCKS TOTAL CARS TRUCKS TOTAL CARS TRUCKS TOTAL CARS TRUCKS TOTAL                     CARS   TRUCKS
700-715             6      1    7   147     33   180    8      0     8    3      1     4    4      0     4    2      1     3                       478       95
715-730             9      3   12   141     26   167    3      1     4    7      2     9    4      1     5    5      1     6                       495       87
730-745             8      0    8   167     31   198    4      1     5    5      3     8    2      0     2    8      2    10                       587       81
745-800            13      1   14   134     43   177    7      0     7    6      3     9   12      0    12    5      1     6                       558      103
800-815            10      2   12   141     31   172    6      1     7    3      0     3    8      1     9    6      1     7                       534       89
815-830            15      2   17   158     45   203    6      1     7    9      3    12    7      1     8    4      1     5                       571      114
830-845             9      0    9   130     41   171    7      1     8    5      1     6   12      0    12    7      1     8                       483       93
845-900             8      1    9   129     45   174    9      0     9    3      1     4    5      3     8    3      2     5                       498      123
HOUR TOTALS
700-800            36        5       41    589     133   722       22   2   24   21    9   30     22        1      23     20        5      25       2118       366
715-815            40        6       46    583     131   714       20   3   23   21    8   29     26        2      28     24        5      29       2174       360
730-830            46        5       51    600     150   750       23   3   26   23    9   32     29        2      31     23        5      28       2250       387
745-845            47        5       52    563     160   723       26   3   29   23    7   30     39        2      41     22        4      26       2146       399
800-900            42        5       47    558     162   720       28   3   31   20    5   25     32        5      37     20        5      25       2086       419
WILTEC                                                                                     Phone: (626) 564-1944   Fax: (626) 564-1944   E-mail: info@wiltecusa.com
INTERSECTION TURNING MOVEMENT COUNT SUMMARY

CLIENT:                          FEHR & PEERS
PROJECT:                         BOYLE HEIGHTS MIXED USE PROJECT
DATE:                            THURSDAY, MARCH 12, 2009
PERIOD:                          4:00 PM TO 6:00 PM
INTERSECTION:      52 N/S        ALAMEDA AVENUE
                      E/W        14TH STREET

                           1                 2                 3                 4                 5                 6
                         SBRT              SBTH              SBLT              WBRT              WBTH              WBLT
15-MIN COUNTS   CARS    TRUCKS TOTAL CARS TRUCKS TOTAL CARS TRUCKS TOTAL CARS TRUCKS TOTAL CARS TRUCKS TOTAL CARS TRUCKS TOTAL
400-415            12         0   12   249     22   271    1      0     1   22      1    23   23      9    32  101     14   115
415-430             8         0    8   225     15   240    0      0     0   20      4    24   22      4    26  101     11   112
430-445             8         0    8   226     17   243    3      0     3   20      1    21   19      6    25   82     11    93
445-500            10         0   10   215     14   229    5      0     5   22      2    24   25      7    32   93     12   105
500-515             3         0    3   238     14   252    2      2     4   20      1    21   21      6    27  105     10   115
515-530             3         0    3   217     10   227    1      0     1   27      2    29   22      6    28  115     13   128
530-545             5         1    6   219     11   230    0      0     0   39      0    39   21      4    25  120     14   134
545-600             3         0    3   192     10   202    4      0     4   32      4    36   32      3    35  119      8   127
HOUR TOTALS
400-500            38        0       38    915     68    983        9   0    9    84   8    92    89       26      115   377       48     425
415-515            29        0       29    904     60    964       10   2   12    82   8    90    87       23      110   381       44     425
430-530            24        0       24    896     55    951       11   2   13    89   6    95    87       25      112   395       46     441
445-545            21        1       22    889     49    938        8   2   10   108   5   113    89       23      112   433       49     482
500-600            14        1       15    866     45    911        7   2    9   118   7   125    96       19      115   459       45     504


                        7                 8                 9                10                11                12                               ALL MOVEMENTS TOTALS
                      NBRT              NBTH              NBLT              EBRT              EBTH              EBLT
15-MIN COUNTS   CARS TRUCKS TOTAL CARS TRUCKS TOTAL CARS TRUCKS TOTAL CARS TRUCKS TOTAL CARS TRUCKS TOTAL CARS TRUCKS TOTAL                     CARS   TRUCKS
400-415            12      0   12   164     10   174    1      1     2   10      0    10    7      0     7   12      0    12                       614       57
415-430             7      1    8   205     12   217    5      0     5   12      0    12   12      2    14    4      0     4                       621       49
430-445            14      1   15   168     16   184    2      0     2   19      1    20   11      2    13    6      0     6                       578       55
445-500             5      0    5   165      7   172    0      1     1   10      0    10   15      0    15    6      0     6                       571       43
500-515             9      0    9   189      6   195    2      0     2   18      0    18   11      2    13    7      0     7                       625       41
515-530             9      0    9   179     18   197    3      0     3   16      1    17   14      0    14    6      0     6                       612       50
530-545             5      0    5   195     11   206    5      0     5   12      0    12   13      0    13   11      0    11                       645       41
545-600             4      1    5   164     13   177    5      0     5   19      0    19   10      0    10   16      0    16                       600       39
HOUR TOTALS
400-500            38        2       40    702     45    747        8   2   10    51   1   52     45        4       49    28        0      28       2384       204
415-515            35        2       37    727     41    768        9   1   10    59   1   60     49        6       55    23        0      23       2395       188
430-530            37        1       38    701     47    748        7   1    8    63   2   65     51        4       55    25        0      25       2386       189
445-545            28        0       28    728     42    770       10   1   11    56   1   57     53        2       55    30        0      30       2453       175
500-600            27        1       28    727     48    775       15   0   15    65   1   66     48        2       50    40        0      40       2482       171
