WILTEC                                                                                 Phone: (626) 564-1944   Fax: (626) 564-0969
INTERSECTION TURNING MOVEMENT COUNT SUMMARY
                                                                                                                  INT. 148
CLIENT:                             KAKU ASSOCIATES
PROJECT:                            NBC UNIVERSAL COUNTS
DATE:                               WEDNESDAY NOVEMBER 8, 2006
PERIOD:                             7:00 AM TO 10:00 AM
INTERSECTION:           N/S         LAUREL CANYON BOULEVARD
                        E/W         US 101 SB RAMPS

15 MIN COUNTS
                    1           2         3      4      5        6        7       8      9       10       11        12
PERIOD           SBRT       SBTH       SBLT   WBRT   WBTH     WBLT    NBRT    NBTH    NBLT    EBRT      EBTH      EBLT    TOTAL
700-715             0         335        91      0      0        0       66     171      0      149        0        49      861
715-730             0         366        81      0      0        0       82     199      0      103        0        66      897
730-745             0         368        90      0      0        0       91     205      0      117        0        63      934
745-800             0         401        97      0      0        0       90     204      0      127        0        52      971
800-815             0         357       115      0      0        0       96     249      0      111        0        50      978
815-830             0         349       131      0      0        0       80     246      0       79        0        41      926
830-845             0         370       107      0      0        0      108     242      0       69        0        43      939
845-900             0         380       137      0      0        0      102     233      0       71        0        43      966
900-915             0         356       109      0      0        0       85     239      0       67        0        42      898
915-930             0         350        98      0      0        0       87     257      0       71        0        66      929
930-945             0         354        91      0      0        0       75     232      0       99        0        53      904
945-1000            0         301        72      0      0        0       91     240      0       87        0        45      836
HOUR TOTALS
                    1           2         3      4      5        6        7       8      9       10       11        12
TIME             SBRT       SBTH       SBLT   WBRT   WBTH     WBLT    NBRT    NBTH    NBLT    EBRT      EBTH      EBLT    TOTAL
700-800             0        1470       359      0      0        0      329     779      0      496        0       230      3663
715-815             0        1492       383      0      0        0      359     857      0      458        0       231      3780
730-830             0        1475       433      0      0        0      357     904      0      434        0       206      3809
745-845             0        1477       450      0      0        0      374     941      0      386        0       186      3814
800-900             0        1456       490      0      0        0      386     970      0      330        0       177      3809
815-915             0        1455       484      0      0        0      375     960      0      286        0       169      3729
830-930             0        1456       451      0      0        0      382     971      0      278        0       194      3732
845-945             0        1440       435      0      0        0      349     961      0      308        0       204      3697
900-1000            0        1361       370      0      0        0      338     968      0      324        0       206      3567




           A.M. PEAK HOUR
                745-845                                                       0

                                       0      1477   450                      0

                                                                              0



                                      186

US 101 SB RAMPS                        0                         0    941     374

                                      386

                                                            LAUREL CANYON BOULEVARD
WILTEC                                                                                Phone: (626) 564-1944   Fax: (626) 564-0969
INTERSECTION TURNING MOVEMENT COUNT SUMMARY
                                                                                                                 INT. 148
CLIENT:                            KAKU ASSOCIATES
PROJECT:                           NBC UNIVERSAL COUNTS
DATE:                              WEDNESDAY NOVEMBER 8, 2006
PERIOD:                            3:00 PM TO 6:00 PM
INTERSECTION:          N/S         LAUREL CANYON BOULEVARD
                       E/W         US 101 SB RAMPS

15 MIN COUNTS
                   1           2         3      4      5        6        7       8      9       10       11        12
PERIOD          SBRT       SBTH       SBLT   WBRT   WBTH     WBLT    NBRT    NBTH    NBLT    EBRT      EBTH      EBLT    TOTAL
300-315            0         296        60      0      0        0      100     324      0       84        0        82       946
315-330            0         322        62      0      0        0      102     309      0      132        0       103      1030
330-345            0         340        54      0      0        0      111     308      0      139        0        83      1035
345-400            0         332        84      0      0        0       86     324      0      134        0        78      1038
400-415            0         304        70      0      0        0       95     295      0      104        2        78       948
415-430            0         295        55      0      0        0       93     339      0      114        0        95       991
430-445            0         294        53      0      0        0       77     347      0      131        0        99      1001
445-500            0         315        61      0      0        0       90     339      0      107        0        88      1000
500-515            0         305        56      0      0        0       94     349      0      113        0        89      1006
515-530            0         312        70      0      0        0       86     340      0      115        0       110      1033
530-545            0         329        72      0      0        0       74     331      0      103        0       116      1025
545-600            0         295        47      0      0        0       88     299      0      104        0       127       960
HOUR TOTALS
                   1           2         3      4      5        6        7       8      9       10       11        12
TIME            SBRT       SBTH       SBLT   WBRT   WBTH     WBLT    NBRT    NBTH    NBLT    EBRT      EBTH      EBLT    TOTAL
300-400            0        1290       260      0      0        0      399    1265      0      489        0       346      4049
315-415            0        1298       270      0      0        0      394    1236      0      509        2       342      4051
330-430            0        1271       263      0      0        0      385    1266      0      491        2       334      4012
345-445            0        1225       262      0      0        0      351    1305      0      483        2       350      3978
400-500            0        1208       239      0      0        0      355    1320      0      456        2       360      3940
415-515            0        1209       225      0      0        0      354    1374      0      465        0       371      3998
430-530            0        1226       240      0      0        0      347    1375      0      466        0       386      4040
445-545            0        1261       259      0      0        0      344    1359      0      438        0       403      4064
500-600            0        1241       245      0      0        0      342    1319      0      435        0       442      4024




          P.M. PEAK HOUR
               445-545                                                       0

                                      0      1261   259                      0

                                                                             0



                                     403

US 101 SB RAMPS                       0                         0   1359     344

                                     438

                                                           LAUREL CANYON BOULEVARD
