WILTEC                                                                                  Phone: (626) 564-1944   Fax: (626) 564-0969
INTERSECTION TURNING MOVEMENT COUNT SUMMARY
                                                                                                                   INT. 147
CLIENT:                             KAKU ASSOCIATES
PROJECT:                            NBC UNIVERSAL COUNTS
DATE:                               WEDNESDAY NOVEMBER 8, 2006
PERIOD:                             7:00 AM TO 10:00 AM
INTERSECTION:            N/S        LAUREL CANYON BOULEVARD
                         E/W        US 101 NB RAMPS

15 MIN COUNTS
                     1          2         3      4       5        6       7       8       9      10        11        12
PERIOD           SBRT       SBTH       SBLT   WBRT    WBTH     WBLT    NBRT   NBTH     NBLT    EBRT      EBTH      EBLT    TOTAL
700-715            171        348         0     25       2       81       0     148      82       0         0         0      857
715-730            104        370         0     27       0       70       0     166      93       0         0         0      830
730-745            104        359         0     48       1       97       0     180      87       0         0         0      876
745-800            103        410         0     57       0       95       0     184      89       0         0         0      938
800-815             92        376         0     52       1       96       0     184     118       0         0         0      919
815-830             78        363         0     64       0       95       0     168     101       0         0         0      869
830-845             99        354         0     66       0      136       0     190     113       0         0         0      958
845-900             75        360         0     58       0      148       0     179     112       0         0         0      932
900-915             74        347         0     46       0      112       0     162     125       0         0         0      866
915-930            101        327         0     56       0      117       0     179     128       0         0         0      908
930-945            105        327         0     48       0      119       0     188     112       0         0         0      899
945-1000            98        275         0     51       0      110       0     178     106       0         0         0      818
HOUR TOTALS
                     1          2         3       4      5        6       7       8       9      10        11        12
TIME             SBRT       SBTH       SBLT   WBRT    WBTH     WBLT    NBRT   NBTH     NBLT    EBRT      EBTH      EBLT    TOTAL
700-800            482       1487         0     157      3      343       0     678     351       0         0         0      3501
715-815            403       1515         0     184      2      358       0     714     387       0         0         0      3563
730-830            377       1508         0     221      2      383       0     716     395       0         0         0      3602
745-845            372       1503         0     239      1      422       0     726     421       0         0         0      3684
800-900            344       1453         0     240      1      475       0     721     444       0         0         0      3678
815-915            326       1424         0     234      0      491       0     699     451       0         0         0      3625
830-930            349       1388         0     226      0      513       0     710     478       0         0         0      3664
845-945            355       1361         0     208      0      496       0     708     477       0         0         0      3605
900-1000           378       1276         0     201      0      458       0     707     471       0         0         0      3491




           A.M. PEAK HOUR
                745-845                                                       239

                                      372     1503    0                        1

                                                                              422



                                       0

US 101 NB RAMPS                        0                       421     726     0

                                       0

                                                             LAUREL CANYON BOULEVARD
WILTEC                                                                                 Phone: (626) 564-1944   Fax: (626) 564-0969
INTERSECTION TURNING MOVEMENT COUNT SUMMARY
                                                                                                                  INT. 147
CLIENT:                            KAKU ASSOCIATES
PROJECT:                           NBC UNIVERSAL COUNTS
DATE:                              WEDNESDAY NOVEMBER 8, 2006
PERIOD:                            3:00 PM TO 6:00 PM
INTERSECTION:           N/S        LAUREL CANYON BOULEVARD
                        E/W        US 101 NB RAMPS

15 MIN COUNTS
                    1          2         3      4       5        6       7       8       9      10        11        12
PERIOD          SBRT       SBTH       SBLT   WBRT    WBTH     WBLT    NBRT   NBTH     NBLT    EBRT      EBTH      EBLT    TOTAL
300-315           122        250         0     72       0      118       0     254     132       0         0         0       948
315-330            93        273         0     71       0      130       0     269     151       0         0         0       987
330-345           125        292         0     77       0       96       0     259     163       0         0         0      1012
345-400            86        295         0     75       0      121       0     242     149       0         0         0       968
400-415            87        264         0     82       0      107       0     257     147       0         0         0       944
415-430            73        269         0     83       0       90       0     267     163       0         0         0       945
430-445            89        256         0     78       0       97       0     272     157       0         0         0       949
445-500            85        244         0     76       0      139       0     277     168       0         0         0       989
500-515            98        258         0     57       0       93       0     312     146       0         0         0       964
515-530            73        299         0     82       3       84       0     299     125       0         0         0       965
530-545            72        297         0     76       0      122       0     308     127       0         0         0      1002
545-600            47        245         0     80       0      102       0     316     107       0         0         0       897
HOUR TOTALS
                    1          2         3       4      5        6       7       8       9      10        11        12
TIME            SBRT       SBTH       SBLT   WBRT    WBTH     WBLT    NBRT   NBTH     NBLT    EBRT      EBTH      EBLT    TOTAL
300-400           426       1110         0     295      0      465       0    1024     595       0         0         0      3915
315-415           391       1124         0     305      0      454       0    1027     610       0         0         0      3911
330-430           371       1120         0     317      0      414       0    1025     622       0         0         0      3869
345-445           335       1084         0     318      0      415       0    1038     616       0         0         0      3806
400-500           334       1033         0     319      0      433       0    1073     635       0         0         0      3827
415-515           345       1027         0     294      0      419       0    1128     634       0         0         0      3847
430-530           345       1057         0     293      3      413       0    1160     596       0         0         0      3867
445-545           328       1098         0     291      3      438       0    1196     566       0         0         0      3920
500-600           290       1099         0     295      3      401       0    1235     505       0         0         0      3828




          P.M. PEAK HOUR
               445-545                                                       291

                                     328     1098    0                        3

                                                                             438



                                      0

US 101 NB RAMPS                       0                       566    1196     0

                                      0

                                                            LAUREL CANYON BOULEVARD
