WILTEC                                                                                   Phone: (626) 564-1944   Fax: (626) 564-0969
INTERSECTION TURNING MOVEMENT COUNT SUMMARY
                                                                                                                    INT. 28
CLIENT:                             KAKU ASSOCIATES
PROJECT:                            NBC UNIVERSAL COUNTS
DATE:                               THURSDAY NOVEMBER 16, 2006
PERIOD:                             7:00 AM TO 10:00 AM
INTERSECTION:           N/S         CAHUENGA BOULEVARD
                        E/W         SR 134 EB

15 MIN COUNTS
                    1           2         3      4       5          6       7       8      9      10        11        12
PERIOD           SBRT       SBTH       SBLT   WBRT    WBTH       WBLT   NBRT    NBTH    NBLT    EBRT      EBTH      EBLT    TOTAL
700-715             0         208       112      0       0          0      45      52      0      31         0        19      467
715-730             0         221       139      0       0          0      73      61      0      31         0        28      553
730-745             0         249       140      0       0          0      85     107      0      37         0        28      646
745-800             0         234       147      0       0          0     108     100      0      39         0        34      662
800-815             0         249       148      0       0          0     114     116      0      51         0        38      716
815-830             0         242       154      0       0          0     107     122      0      55         0        31      711
830-845             0         231       155      0       0          0     127     124      0      48         0        44      729
845-900             0         223       159      0       0          0     115     116      0      66         0        50      729
900-915             0         215       130      0       0          0     111     126      0      42         0        40      664
915-930             0         219       125      0       0          0     119      94      0      32         0        36      625
930-945             0         189       136      0       0          0     115     103      0      50         0        41      634
945-1000            0         170       140      0       0          0     124     109      0      49         0        48      640
HOUR TOTALS
                    1           2         3      4       5          6       7       8      9       10       11        12
TIME             SBRT       SBTH       SBLT   WBRT    WBTH       WBLT   NBRT    NBTH    NBLT    EBRT      EBTH      EBLT    TOTAL
700-800             0         912       538      0       0          0     311     320      0      138        0       109      2328
715-815             0         953       574      0       0          0     380     384      0      158        0       128      2577
730-830             0         974       589      0       0          0     414     445      0      182        0       131      2735
745-845             0         956       604      0       0          0     456     462      0      193        0       147      2818
800-900             0         945       616      0       0          0     463     478      0      220        0       163      2885
815-915             0         911       598      0       0          0     460     488      0      211        0       165      2833
830-930             0         888       569      0       0          0     472     460      0      188        0       170      2747
845-945             0         846       550      0       0          0     460     439      0      190        0       167      2652
900-1000            0         793       531      0       0          0     469     432      0      173        0       165      2563




           A.M. PEAK HOUR
                800-900                                                         0

                                       0      945     616                       0

                                                                                0



                                      163

SR 134 EB                              0                         0      478     463

                                      220

                                                             CAHUENGA BOULEVARD
WILTEC                                                                                  Phone: (626) 564-1944   Fax: (626) 564-0969
INTERSECTION TURNING MOVEMENT COUNT SUMMARY
                                                                                                                   INT. 28
CLIENT:                            KAKU ASSOCIATES
PROJECT:                           NBC UNIVERSAL COUNTS
DATE:                              THURSDAY NOVEMBER 16, 2006
PERIOD:                            3:00 PM TO 6:00 PM
INTERSECTION:          N/S         CAHUENGA BOULEVARD
                       E/W         SR 134 EB

15 MIN COUNTS
                   1           2         3      4       5          6       7       8      9      10        11        12
PERIOD          SBRT       SBTH       SBLT   WBRT    WBTH       WBLT   NBRT    NBTH    NBLT    EBRT      EBTH      EBLT    TOTAL
300-315            0         169        51      0       0          0      93      91      0      17         0        36      457
315-330            0         181        60      0       0          0      92     102      0      19         0        26      480
330-345            0         199        57      0       0          0     113     101      0      24         1        33      528
345-400            0         210        57      0       0          0     123     123      0      20         0        26      559
400-415            0         208        41      0       0          0     137     129      0      17         2        38      572
415-430            0         219        36      0       0          0     141     135      0      11         0        40      582
430-445            0         229        69      0       0          0     156     137      0      14         0        38      643
445-500            0         230        48      0       0          0     155     137      0      13         0        48      631
500-515            0         218        55      0       0          0     157     142      0      24         0        62      658
515-530            0         237        47      0       0          0     165     156      0      31         1        55      692
530-545            0         232        50      0       0          0     162     135      0      30         0        51      660
545-600            0         214        43      0       0          0     153     145      0      27         0        50      632
HOUR TOTALS
                   1           2         3      4       5          6       7       8      9       10       11        12
TIME            SBRT       SBTH       SBLT   WBRT    WBTH       WBLT   NBRT    NBTH    NBLT    EBRT      EBTH      EBLT    TOTAL
300-400            0         759       225      0       0          0     421     417      0       80        1       121      2024
315-415            0         798       215      0       0          0     465     455      0       80        3       123      2139
330-430            0         836       191      0       0          0     514     488      0       72        3       137      2241
345-445            0         866       203      0       0          0     557     524      0       62        2       142      2356
400-500            0         886       194      0       0          0     589     538      0       55        2       164      2428
415-515            0         896       208      0       0          0     609     551      0       62        0       188      2514
430-530            0         914       219      0       0          0     633     572      0       82        1       203      2624
445-545            0         917       200      0       0          0     639     570      0       98        1       216      2641
500-600            0         901       195      0       0          0     637     578      0      112        1       218      2642




          P.M. PEAK HOUR
               500-600                                                         0

                                      0      901     195                       0

                                                                               0



                                     218

SR 134 EB                             1                         0      578     637

                                     112

                                                            CAHUENGA BOULEVARD
