WILTEC                                                                                  Phone: (626) 564-1944    Fax: (626) 564-0969
INTERSECTION TURNING MOVEMENT COUNT SUMMARY
                                                                                                                    INT. 36
CLIENT:                             KAKU ASSOCIATES
PROJECT:                            NBC UNIVERSAL COUNTS
DATE:                               THURSDAY NOVEMBER 16, 2006
PERIOD:                             7:00 AM TO 10:00 AM
INTERSECTION:            N/S        LANKERSHIM BOULEVARD
                         E/W        CAMPO DE CAHUENGA WAY/ UNIVERSAL HOLLYWOOD DRIVE

15 MIN COUNTS
                    1           2        3      4       5       6       7        8        9      10        11         12
PERIOD           SBRT       SBTH      SBLT   WBRT    WBTH    WBLT    NBRT    NBTH      NBLT    EBRT      EBTH       EBLT    TOTAL
700-715            38         282       36      7      15      13      36      134       12       2        10         10       595
715-730            38         310       63      7       7       4      41      117        3       3         9         13       615
730-745            26         320       94      7       9      10      44      158       16       4         8         13       709
745-800            30         342       90      5      10      13      60      202       12       3        13         22       802
800-815            31         393      117     16      25       6      62      205       10       3        33         29       930
815-830            26         423      108     11      12       9      34      202        5       5        26         37       898
830-845            17         377      128     17      19      12      62      248        6      14        25         48       973
845-900            15         334      136     11       9       4      51      262        2      13        20         37       894
900-915            19         339      142     24      18      13      59      302       14      10        28         58      1026
915-930            31         335      119     15      19      19      68      231        6       7        32         44       926
930-945            34         309      143     17      20      12      36      235        5      10        17         33       871
945-1000           22         260      129     17      17      10      33      205        2       4         6         15       720
HOUR TOTALS
                     1          2        3      4       5       6        7       8        9      10         11        12
TIME             SBRT       SBTH      SBLT   WBRT    WBTH    WBLT    NBRT    NBTH      NBLT    EBRT      EBTH       EBLT    TOTAL
700-800            132       1254      283     26      41      40      181     611       43      12         40        58      2721
715-815            125       1365      364     35      51      33      207     682       41      13         63        77      3056
730-830            113       1478      409     39      56      38      200     767       43      15         80       101      3339
745-845            104       1535      443     49      66      40      218     857       33      25         97       136      3603
800-900             89       1527      489     55      65      31      209     917       23      35        104       151      3695
815-915             77       1473      514     63      58      38      206    1014       27      42         99       180      3791
830-930             82       1385      525     67      65      48      240    1043       28      44        105       187      3819
845-945             99       1317      540     67      66      48      214    1030       27      40         97       172      3717
900-1000           106       1243      533     73      74      54      196     973       27      31         83       150      3543




           A.M. PEAK HOUR
                830-930                                                      67

                                      82     1385    525                     65

                                                                             48



                                      187

CAMPO DE CAHUENGA WAY/ UN             105                    28     1043     240

                                      44

                                                            LANKERSHIM BOULEVARD
WILTEC                                                                                 Phone: (626) 564-1944   Fax: (626) 564-0969
INTERSECTION TURNING MOVEMENT COUNT SUMMARY
                                                                                                                  INT. 36
CLIENT:                            KAKU ASSOCIATES
PROJECT:                           NBC UNIVERSAL COUNTS
DATE:                              THURSDAY NOVEMBER 16, 2006
PERIOD:                            3:00 PM TO 6:00 PM
INTERSECTION:           N/S        LANKERSHIM BOULEVARD
                        E/W        CAMPO DE CAHUENGA WAY/ UNIVERSAL HOLLYWOOD DRIVE

15 MIN COUNTS
                    1          2        3      4        5       6       7        8       9      10        11        12
PERIOD          SBRT       SBTH      SBLT   WBRT    WBTH     WBLT    NBRT    NBTH     NBLT    EBRT      EBTH      EBLT    TOTAL
300-315            73        193       44     13       36      10      26      256      15       1        13        21       701
315-330            66        220       57     48       20      29      20      279      14       6         9        18       786
330-345            66        205       39     55       38      23      37      243      21       6        10        25       768
345-400            86        218       40     27       25      21      35      293      15       2         6        29       797
400-415            69        192       37     53       54      18      31      285      27       8         1        21       796
415-430            84        201       48     66       44      19      33      247      15       5         2        31       795
430-445            86        214       50     79       48      24      37      297      29       4        14        36       918
445-500            88        210       57     67       63      37      32      348      20       9         4        30       965
500-515           110        250       25     68       73      28      28      312      15       4         6        27       946
515-530           124        253       46     70      119      53      25      336      20       2        11        17      1076
530-545            94        281       54     53       74      39      20      325      15       8        32        21      1016
545-600           125        264       38     45       81      52      25      343      11       1        12        14      1011
HOUR TOTALS
                    1          2        3       4       5       6        7       8       9      10        11        12
TIME            SBRT       SBTH      SBLT   WBRT    WBTH     WBLT    NBRT    NBTH     NBLT    EBRT      EBTH      EBLT    TOTAL
300-400           291        836      180     143     119      83      118    1071      65      15        38        93      3052
315-415           287        835      173     183     137      91      123    1100      77      22        26        93      3147
330-430           305        816      164     201     161      81      136    1068      78      21        19       106      3156
345-445           325        825      175     225     171      82      136    1122      86      19        23       117      3306
400-500           327        817      192     265     209      98      133    1177      91      26        21       118      3474
415-515           368        875      180     280     228     108      130    1204      79      22        26       124      3624
430-530           408        927      178     284     303     142      122    1293      84      19        35       110      3905
445-545           416        994      182     258     329     157      105    1321      70      23        53        95      4003
500-600           453       1048      163     236     347     172       98    1316      61      15        61        79      4049




          P.M. PEAK HOUR
               500-600                                                       236

                                     453    1048    163                      347

                                                                             172



                                     79

CAMPO DE CAHUENGA WAY/ UN            61                      61     1316     98

                                     15

                                                            LANKERSHIM BOULEVARD
