WILTEC                                                                                                   Phone: (626) 564-1944   Fax: (626) 564-0969
5-LEG INTERSECTION TURNING MOVEMENT COUNT SUMMARY
                                                                                                                                 INT. 93
CLIENT:               KAKU ASSOCIATES
PROJECT:              NBC UNIVERSAL COUNTS
DATE:                 TUESDAY NOVEMBER 14, 2006
PERIOD:               6:00 A.M. TO 9:00 A.M.
INTERSECTION:   N/S   BUENA VISTA ST/SR 134 EB ON-RAMP
                E/W   RIVERSIDE DRIVE/SR 134 WB RAMPS

15 MIN COUNTS
          SB BUENA VISTA ST        WB RIVERSIDE DRIVE    SR 134 WB OFF/EB ON    EB RIVERSIDE DRIVE            SR 134 WB ON-RAMP
PERIOD        A   B     C     D       E    F     G    H      I     J    K     L    M    N     O          P       Q     R    S      T       TOTALS
700-715      89   13    83    17       4   14    12    1    23   132     0   68     0   63    33          4       0     0    0      0         556
715-730      81   11    99     9     11    14    28    6    33   131     2   74     0   64    49          0       0     0    0      0         612
730-745      98   10    93    18     16    26    29   13    31   196     0   87     0   92    41          3       0     0    0      0         753
745-800     100   15   105    10     15    17    27    4    45   188     2   83     0   85    36          3       0     0    0      0         735
800-815     100   23   108    17     10    17    30    6    46   189     7   98     0   81    35          3       0     0    0      0         770
815-830     108   27   119    10       3   20    42    5    32   164     3  103     0   99    51          6       0     0    0      0         792
830-845     105   32   116    26       7   12    56    8    40   190     0  104     0  100    32          3       0     0    0      0         831
845-900     104   28   114    19     12     7    66    5    52   200     2  102     1  101    41          2       0     0    0      0         856
900-915      91   27    92    12     15    14    47    5    50   180     1  104     0  107    61          4       0     0    0      0         810
915-930      79   25    82    13     10    18    49    3    81   192     3  103     0  105    57          1       0     0    0      0         821
930-945      70   23    78     9     14    12    25    7    49   182     1  109     0   95    53          3       0     0    0      0         730
945-1000     87   21    82     9     11    11    29    4    45   176     0   97     0   89    94          2       0     0    0      0         757
HOUR TOTALS
          SB BUENA VISTA ST        WB RIVERSIDE DRIVE        SR 134 WB OFF/EB ON    EB RIVERSIDE DRIVE        SR 134 WB ON-RAMP
TIME          A   B     C     D       E    F     G      H        I     J    K     L    M    N     O      P       Q     R    S      T       TOTALS
700-800     368   49   380    54     46    71    96     24     132   647     4  312     0  304   159     10       0     0    0      0        2656
715-815     379   59   405    54     52    74   114     29     155   704   11   342     0  322   161      9       0     0    0      0        2870
730-830     406   75   425    55     44    80   128     28     154   737   12   371     0  357   163     15       0     0    0      0        3050
745-845     413   97   448    63     35    66   155     23     163   731   12   388     0  365   154     15       0     0    0      0        3128
800-900     417  110   457    72     32    56   194     24     170   743   12   407     1  381   159     14       0     0    0      0        3249
815-915     408  114   441    67     37    53   211     23     174   734     6  413     1  407   185     15       0     0    0      0        3289
830-930     379  112   404    70     44    51   218     21     223   762     6  413     1  413   191     10       0     0    0      0        3318
845-945     344  103   366    53     51    51   187     20     232   754     7  418     1  408   212     10       0     0    0      0        3217
900-1000    327   96   334    43     50    55   150     19     225   730     5  413     0  396   265     10       0     0    0      0        3118




     A.M. PEAK HOUR
          830-930
WILTEC                                                                                                    Phone: (626) 564-1944   Fax: (626) 564-0969
5-LEG INTERSECTION TURNING MOVEMENT COUNT SUMMARY
                                                                                                                                  INT. 93
CLIENT:               KAKU ASSOCIATES
PROJECT:              NBC UNIVERSAL COUNTS
DATE:                 TUESDAY NOVEMBER 14, 2006
PERIOD:               3:00 PM TO 6:00 PM
INTERSECTION:   N/S   BUENA VISTA ST/SR 134 EB ON-RAMP
                E/W   RIVERSIDE DRIVE/SR 134 WB RAMPS

15 MIN COUNTS
          SB BUENA VISTA ST        WB RIVERSIDE DRIVE        SR 134 WB OFF/EB ON        EB RIVERSIDE DRIVE    SR 134 WB ON-RAMP
PERIOD        A   B     C     D       E    F     G      H        I     J    K       L      M    N     O    P     Q     R    S       T       TOTALS
300-315      81   18    77    21     16    22    24      8       4   113     1     18       0   48    47    5     0     0    0       0         503
315-330     105   16   107    12     21    33    29      8       7   142     0     21       0   67    50    3     0     0    0       0         621
330-345     117   19   115    16     22    35    30     12      12   150     1     14       0   79    51    9     0     0    0       0         682
345-400     101   23   105    18     27    17    14      7      11   175     0     38       0   63    53    9     0     0    0       0         661
400-415     102   22   108    18     32    34    36     21      17   165     0     27       0   77    48    4     0     0    0       0         711
415-430     104    8    82     8     33    26    36      7       4   184     0     13       0   75    55    4     0     0    0       0         639
430-445     109   18    94    18     26    33    48      9       9   165     2     27       0   77    51   18     0     0    0       0         704
445-500     170   17    95    18     26    27    58     13       4   166     0     55       0   74    54    4     0     0    0       0         781
500-515      69   13    93    15     18    27    38      6       5   154     1     56       0  100    51    7     0     0    0       0         653
515-530     117   16    94    25     36    59    75      7      17   148     1     59       0  108    76    6     0     0    0       0         844
530-545     102   20    88    11     38    70    73      4      16   132     0     49       0   77    74   13     0     0    0       0         767
545-600     104   14    75    10     45    51    72     12      24   128     0     32       0   94    80   33     0     0    0       0         774
HOUR TOTALS
          SB BUENA VISTA ST        WB RIVERSIDE DRIVE        SR 134 WB OFF/EB ON    EB RIVERSIDE DRIVE          SR 134 WB ON-RAMP
PERIOD        A   B     C     D       E    F     G      H        I     J    K     L    M    N     O        P       Q     R    S     T       TOTALS
300-400     404   76   404    67     86   107    97     35      34   580     2   91     0  257   201       26       0     0    0     0        2467
315-415     425   80   435    64    102   119   109     48      47   632     1  100     0  286   202       25       0     0    0     0        2675
330-430     424   72   410    60    114   112   116     47      44   674     1   92     0  294   207       26       0     0    0     0        2693
345-445     416   71   389    62    118   110   134     44      41   689     2  105     0  292   207       35       0     0    0     0        2715
400-500     485   65   379    62    117   120   178     50      34   680     2  122     0  303   208       30       0     0    0     0        2835
415-515     452   56   364    59    103   113   180     35      22   669     3  151     0  326   211       33       0     0    0     0        2777
430-530     465   64   376    76    106   146   219     35      35   633     4  197     0  359   232       35       0     0    0     0        2982
445-545     458   66   370    69    118   183   244     30      42   600     2  219     0  359   255       30       0     0    0     0        3045
500-600     392   63   350    61    137   207   258     29      62   562     2  196     0  379   281       59       0     0    0     0        3038




     P.M. PEAK HOUR
          445-545
