WILTEC                                                                                  Phone: (626) 564-1944    Fax: (626) 564-0969
INTERSECTION TURNING MOVEMENT COUNT SUMMARY
                                                                                                                    INT. 138
CLIENT:                            KAKU ASSOCIATES
PROJECT:                           NBC UNIVERSAL COUNTS
DATE:                              TUESDAY NOVEMBER 14, 2006
PERIOD:                            7:00 AM TO 10:00 AM
INTERSECTION:           N/S        SAN VICENTE BOULEVARD
                        E/W        SUNSET BOULEVARD

15 MIN COUNTS
                    1          2         3      4        5         6       7       8      9      10         11        12
PERIOD           SBRT       SBTH      SBLT   WBRT    WBTH       WBLT    NBRT    NBTH   NBLT    EBRT      EBTH       EBLT    TOTAL
700-715             1          1         0      1      396        27      23       2     37      28        124         2       642
715-730             3          3         2      4      443        24      17       4     40      21        165         2       728
730-745             5          7         8      4      455        24      31       0     49      40        190         1       814
745-800             5          2         6      3      468        18      49       2     72      45        237         2       909
800-815             2          5         6      5      499        34      40       3     50      42        251         4       941
815-830             3          6         4      3      464        23      41       2     41      37        200         1       825
830-845             6          4         7      2      489        28      50       2     62      52        241         2       945
845-900             3         10         4      7      440        27      51       4     64      65        246         1       922
900-915             8         10         8      6      450        47      55       6     73      63        293         5      1024
915-930             5          7         7     11      434        31      42       3     44      30        240         1       855
930-945             8          9        12      6      442        33      48       4     50      45        256         1       914
945-1000            5          6         8      7      441        44      45       3     66      28        222         2       877
HOUR TOTALS
                    1          2         3      4        5         6        7      8      9       10        11        12
TIME             SBRT       SBTH      SBLT   WBRT    WBTH       WBLT    NBRT    NBTH   NBLT    EBRT      EBTH       EBLT    TOTAL
700-800            14         13        16     12     1762        93      120      8    198      134       716         7      3093
715-815            15         17        22     16     1865       100      137      9    211      148       843         9      3392
730-830            15         20        24     15     1886        99      161      7    212      164       878         8      3489
745-845            16         17        23     13     1920       103      180      9    225      176       929         9      3620
800-900            14         25        21     17     1892       112      182     11    217      196       938         8      3633
815-915            20         30        23     18     1843       125      197     14    240      217       980         9      3716
830-930            22         31        26     26     1813       133      198     15    243      210      1020         9      3746
845-945            24         36        31     30     1766       138      196     17    231      203      1035         8      3715
900-1000           26         32        35     30     1767       155      190     16    233      166      1011         9      3670




           A.M. PEAK HOUR
                830-930                                                         26

                                     22      31      26                         1813

                                                                                133



                                      9

SUNSET BOULEVARD                    1020                        243     15      198

                                     210

                                                               SAN VICENTE BOULEVARD
WILTEC                                                                                 Phone: (626) 564-1944    Fax: (626) 564-0969
INTERSECTION TURNING MOVEMENT COUNT SUMMARY
                                                                                                                   INT. 138
CLIENT:                           KAKU ASSOCIATES
PROJECT:                          NBC UNIVERSAL COUNTS
DATE:                             TUESDAY NOVEMBER 14, 2006
PERIOD:                           3:00 PM TO 6:00 PM
INTERSECTION:          N/S        SAN VICENTE BOULEVARD
                       E/W        SUNSET BOULEVARD

15 MIN COUNTS
                   1          2         3      4        5         6        7      8      9      10         11        12
PERIOD          SBRT       SBTH      SBLT   WBRT    WBTH       WBLT    NBRT    NBTH   NBLT    EBRT      EBTH       EBLT    TOTAL
300-315            3          5         6      9      243        38       58      3     48      39        325         2      779
315-330            1          6         8      8      347        38       60      6     57      47        380         2      960
330-345            7          6        14      7      341        36       80      9     55      44        354         6      959
345-400            3          7        10      6      305        50       62      5     54      32        397         3      934
400-415            6         11        17      8      290        49       79      7     56      50        390         3      966
415-430            3          9        13      3      252        39       73      6     43      39        359         4      843
430-445            3          9        11     12      349        30       97      8     69      26        343         0      957
445-500            4          8        12      7      267        51       69      8     42      24        389         1      882
500-515            6          7         9      4      301        40       79      6     68      29        393         5      947
515-530            1         11        11     15      314        59       96      8     67      28        383         1      994
530-545            5          7        12      9      318        42       98      5     41      25        393         3      958
545-600            2          4        12      9      257        40      106     13     66      28        430         6      973
HOUR TOTALS
                   1          2         3      4        5         6        7      8      9       10        11        12
TIME            SBRT       SBTH      SBLT   WBRT    WBTH       WBLT    NBRT    NBTH   NBLT    EBRT      EBTH       EBLT    TOTAL
300-400           14         24        38     30     1236       162      260     23    214      162      1456        13      3632
315-415           17         30        49     29     1283       173      281     27    222      173      1521        14      3819
330-430           19         33        54     24     1188       174      294     27    208      165      1500        16      3702
345-445           15         36        51     29     1196       168      311     26    222      147      1489        10      3700
400-500           16         37        53     30     1158       169      318     29    210      139      1481         8      3648
415-515           16         33        45     26     1169       160      318     28    222      118      1484        10      3629
430-530           14         35        43     38     1231       180      341     30    246      107      1508         7      3780
445-545           16         33        44     35     1200       192      342     27    218      106      1558        10      3781
500-600           14         29        44     37     1190       181      379     32    242      110      1599        15      3872




          P.M. PEAK HOUR
               500-600                                                         37

                                    14      29      44                         1190

                                                                               181



                                    15

SUNSET BOULEVARD                   1599                        242     32      379

                                    110

                                                              SAN VICENTE BOULEVARD
