INTERSECTION TURNING MOVEMENT COUNT SUMMARY

CLIENT:               HIRSCH/GREEN TRANSPORTATION CONSULTING, INC.
PROJECT:              4100 DEL REY AVENUE - MARINA DEL REY
DATE:                 THURSDAY, APRIL 14, 2011
PERIOD:               03:00 PM TO 06:00 PM
INTERSECTION   N/S    GLENCOE AVENUE/COSTCO PLAZA DRIVEWAY
               E/W    WASHINGTON BOULEVARD
FILE NUMBER:          2-PM


  15 MINUTE     1        2        3          4      5            6          7          8      9      10      11     12
   TOTALS      SBRT    SBTH     SBLT        WBRT   WBTH        WBLT        NBRT       NBTH   NBLT   EBRT    EBTH   EBLT
  0300-0315     20       29      117         69    231          113         51         26     33     43     255     13
  0315-0330     19       32      123         75    258          120         58         29     37     55     291     15
  0330-0345     19       30      131         77    253          127         61         39     46     65     293     14
  0345-0400     21       41      153         65    280          120         68         30     31     70     297     16
  0400-0415     18       32      123         73    277          129         70         39     37     63     271     10
  0415-0430     19       40      122         79    314          127         81         38     43     57     283     12
  0430-0445     18       37      127         74    335          131         93         30     41     65     290     19
  0445-0500     20       39      126         53    303          132         99         23     49     69     294     24
  0500-0515     25       42      119         53    281          132         97         25     46     70     276     25
  0515-0530     29       45      120         61    282          130        101         32     48     71     269     29
  0530-0545     26       44      130         52    297          128        103         27     43     63     260     26
  0545-0600     21       43      124         55    283          140         86         22     40     57     266     32


   1 HOUR       1        2        3          4      5            6          7          8      9      10      11     12
   TOTALS      SBRT    SBTH     SBLT        WBRT   WBTH        WBLT        NBRT       NBTH   NBLT   EBRT    EBTH   EBLT   TOTALS
  0300-0400     79      132      524         286   1022         480        238        124    147    233     1136    58     4459
  0315-0415     77      135      530         290   1068         496        257        137    151    253     1152    55     4601
  0330-0430     77      143      529         294   1124         503        280        146    157    255     1144    52     4704
  0345-0445     76      150      525         291   1206         507        312        137    152    255     1141    57     4809
  0400-0500     75      148      498         279   1229         519        343        130    170    254     1138    65     4848
  0415-0515     82      158      494         259   1233         522        370        116    179    261     1143    80     4897
  0430-0530     92      163      492         241   1201         525        390        110    184    275     1129    97     4899
  0445-0545    100      170      495         219   1163         522        400        107    186    273     1099   104     4838
  0500-0600    101      174      493         221   1143         530        387        106    177    261     1071   112     4776


                                                     COSTCO PLAZA DRIVEWAY


   P.M. PEAK HOUR                                        92          163        492
      0430-0530


                                       97                                                             241

                                  1129                                                               1201
  WASHINGTON BOULEVARD
                                      275                                                             525




                                                        184          110        390


                                                              GLENCOE AVENUE
INTERSECTION TURNING MOVEMENT COUNT SUMMARY

CLIENT:               HIRSCH/GREEN TRANSPORTATION CONSULTING, INC.
PROJECT:              4100 DEL REY AVENUE - MARINA DEL REY
DATE:                 THURSDAY, APRIL 14, 2011
PERIOD:               07:00 AM TO 10:00 AM
INTERSECTION   N/S    GLENCOE AVENUE/COSTCO PLAZA DRIVEWAY
               E/W    WASHINGTON BOULEVARD
FILE NUMBER:          2-AM


  15 MINUTE     1        2        3          4      5            6          7          8      9      10      11     12
   TOTALS      SBRT    SBTH     SBLT        WBRT   WBTH        WBLT        NBRT       NBTH   NBLT   EBRT    EBTH   EBLT
  0700-0715     2        3        9          16     83          15          44         5      20     11     128     0
  0715-0730     2        6       13          29    117          24          56         12     30     19     150     1
  0730-0745     4        10      19          34    137          38          83         19     58     24     181     3
  0745-0800     7        10      19          40    157          57         101         19     62     25     226     3
  0800-0815     4        8       22          38    169          61          95         17     64     20     242     2
  0815-0830     8        10      27          30    161          64          79         17     41     27     215     4
  0830-0845     8        10      31          42    166          73          81         24     51     21     251     7
  0845-0900     10       11      21          43    175          73          76         22     40     29     260     9
  0900-0915     11       12      23          57    157          69          61         28     53     30     231     9
  0915-0930     11       12      39          61    166          68          62         27     31     28     225     8
  0930-0945     7        13      23          65    181          53          68         21     35     34     233     10
  0945-1000     10       13      20          69    182          47          53         33     32     26     237     12


   1 HOUR       1        2        3          4      5            6          7          8      9      10      11     12
   TOTALS      SBRT    SBTH     SBLT        WBRT   WBTH        WBLT        NBRT       NBTH   NBLT   EBRT    EBTH   EBLT   TOTALS
  0700-0800     15       29      60          119   494          134        284         55    170     79     685     7      2131
  0715-0815     17       34      73          141   580          180        335         67    214     88     799     9      2537
  0730-0830     23       38      87          142   624          220        358         72    225     96     864     12     2761
  0745-0845     27       38      99          150   653          255        356         77    218     93     934     16     2916
  0800-0900     30       39      101         153   671          271        331         80    196     97     968     22     2959
  0815-0915     37       43      102         172   659          279        297         91    185    107     957     29     2958
  0830-0930     40       45      114         203   664          283        280        101    175    108     967     33     3013
  0845-0945     39       48      106         226   679          263        267         98    159    121     949     36     2991
  0900-1000     39       50      105         252   686          237        244        109    151    118     926     39     2956


                                                     COSTCO PLAZA DRIVEWAY


   A.M. PEAK HOUR                                        40           45        114
      0830-0930


                                       33                                                             203

                                      967                                                             664
  WASHINGTON BOULEVARD
                                      108                                                             283




                                                        175          101        280


                                                              GLENCOE AVENUE
