WILTEC                                                                                Phone: (626) 564-1944    Fax: (626) 564-0969
INTERSECTION TURNING MOVEMENT COUNT SUMMARY

CLIENT:                             GIBSON TRANSPORTATION CONSULTING, INC.
PROJECT:                            WESTERN AND ADAMS TRAFFIC COUNTS
DATE:                               THURSDAY, OCTOBER 15, 2009
PERIOD:                             7:00 AM TO 10:00 AM
INTERSECTION:            N/S        WESTERN AVENUE
                         E/W        VENICE BOULEVARD

15 MIN COUNTS
                    1           2         3      4        5      6       7       8      9      10         11        12
PERIOD           SBRT       SBTH       SBLT   WBRT    WBTH    WBLT    NBRT   NBTH    NBLT    EBRT      EBTH       EBLT    TOTAL
700-715            20         218         7      6      213     12      11     227     37      14        122        12       899
715-730            26         211        14      8      247     10       9     275     35       9        151        14      1009
730-745            29         215        17     10      215      8      16     267     37      17        195        21      1047
745-800            35         200        23     16      200     12      19     277     28      13        180        17      1020
800-815            28         233        15     12      221     12      15     276     27      24        277        28      1168
815-830            31         254        13      8      197     10      25     252     31      17        275        23      1136
830-845            24         214        11      8      195     15      11     280     35      13        238        24      1068
845-900            43         222        18     19      169     16      14     264     29      24        239        20      1077
900-915            33         201        14     13      147     17      16     224     29      25        185        29       933
915-930            21         194        14     11      143      8      10     203     23      18        154        21       820
930-945            20         221        18     16      122     15      15     228     21      23        135        17       851
945-1000           22         233        12      9      107     10      12     241     30      24        125        21       846
HOUR TOTALS
                     1          2         3      4        5      6       7       8      9      10         11        12
TIME             SBRT       SBTH       SBLT   WBRT    WBTH    WBLT    NBRT   NBTH    NBLT    EBRT      EBTH       EBLT    TOTAL
700-800            110        844        61     40      875     42      55    1046    137      53        648        64      3975
715-815            118        859        69     46      883     42      59    1095    127      63        803        80      4244
730-830            123        902        68     46      833     42      75    1072    123      71        927        89      4371
745-845            118        901        62     44      813     49      70    1085    121      67        970        92      4392
800-900            126        923        57     47      782     53      65    1072    122      78       1029        95      4449
815-815            131        891        56     48      708     58      66    1020    124      79        937        96      4214
830-930            121        831        57     51      654     56      51     971    116      80        816        94      3898
845-945            117        838        64     59      581     56      55     919    102      90        713        87      3681
900-1000            96        849        58     49      519     50      53     896    103      90        599        88      3450




           A.M. PEAK HOUR
                800-900                                                      47

                                      126     923     57                     782

                                                                             53



                                      95

VENICE BOULEVARD                     1029                     122    1072    65

                                      78

                                                               WESTERN AVENUE
WILTEC                                                                               Phone: (626) 564-1944    Fax: (626) 564-0969
INTERSECTION TURNING MOVEMENT COUNT SUMMARY

CLIENT:                            GIBSON TRANSPORTATION CONSULTING, INC.
PROJECT:                           WESTERN AND ADAMS TRAFFIC COUNTS
DATE:                              THURSDAY, OCTOBER 15, 2009
PERIOD:                            3:00 PM TO 6:00 PM
INTERSECTION:           N/S        WESTERN AVENUE
                        E/W        VENICE BOULEVARD

15 MIN COUNTS
                   1           2         3      4        5      6       7       8      9      10         11        12
PERIOD          SBRT       SBTH       SBLT   WBRT    WBTH    WBLT    NBRT   NBTH    NBLT    EBRT      EBTH       EBLT    TOTAL
300-315           23         259        18     14      110     19      24     205     17      24        179        22       914
315-330           37         256        19     11      122     20      20     211     17      22        210        27       972
330-345           52         273        21      7      112     12      10     174      8      23        243        34       969
345-400           32         235        19      9      100     13      16     183     18      16        215        28       884
400-415           37         237        26     11      127     15      16     204     18      22        232        23       968
415-430           40         223        18     10      104      9      20     189     11      25        265        20       934
430-445           34         233        15     15      135     19      15     209     16      22        219        26       958
445-500           51         223        19     16      138     15      21     206     21      17        217        32       976
500-515           34         214        19     13      150     16      20     227     22      18        249        37      1019
515-530           37         207        13     17      190     17      23     254     20      26        230        29      1063
530-545           60         208        18     16      194     22      14     228     20      21        224        20      1045
545-600           38         213        17     19      231     12      31     259     25      22        235        23      1125
HOUR TOTALS
                    1          2         3      4        5      6       7       8      9      10         11        12
TIME            SBRT       SBTH       SBLT   WBRT    WBTH    WBLT    NBRT   NBTH    NBLT    EBRT      EBTH       EBLT    TOTAL
300-400           144       1023        77     41      444     64      70     773     60      85        847       111      3739
315-415           158       1001        85     38      461     60      62     772     61      83        900       112      3793
330-430           161        968        84     37      443     49      62     750     55      86        955       105      3755
345-445           143        928        78     45      466     56      67     785     63      85        931        97      3744
400-500           162        916        78     52      504     58      72     808     66      86        933       101      3836
415-515           159        893        71     54      527     59      76     831     70      82        950       115      3887
430-530           156        877        66     61      613     67      79     896     79      83        915       124      4016
445-545           182        852        69     62      672     70      78     915     83      82        920       118      4103
500-600           169        842        67     65      765     67      88     968     87      87        938       109      4252




          P.M. PEAK HOUR
               500-600                                                      65

                                     169     842     67                     765

                                                                            67



                                     109

VENICE BOULEVARD                     938                     87      968    88

                                     87

                                                              WESTERN AVENUE
