INTERSECTION TURNING MOVEMENT COUNT SUMMARY

CLIENT:                    CRAIN & ASSOCIATES, INC.
PROJECT:                   BARLOW HOSPITAL MIXED-USE PROJECT
DATE:                      FRIDAY, SEPTEMBER 18, 2009
PERIOD:                    04:00 PM TO 07:00 PM (DODGER GAME DAY)
INTERSECTION:   N/S        BROADWAY
                E/W        CESAR CHAVEZ AVENUE
FILE NUMBER:                17-PM


  15 MINUTE      1            2          3          4          5          6          7          8          9          10         11      12
   TOTALS       SBRT        SBTH        SBLT       WBRT       WBTH       WBLT       NBRT       NBTH       NBLT       EBRT       EBTH    EBLT


  0400-0415           28          106         17        28         230        42         35         174        27          16     224         49
  0415-0430           27          109         18        34         217        33         35         183        34          10     239         64
  0430-0445           32          105         20        40         234        31         39         179        51          10     231         48
  0445-0500           35          98          19        32         250        32         31         221        38           6     238         55
  0500-0515           20          107         17        47         273        35         28         220        32           9     258         71
  0515-0530           26          105         21        47         303        28         28         239        39           6     249         61
  0530-0545           39          91          20        47         305        24         29         210        44           6     239         58
  0545-0600           39          83          23        40         261        28         28         188        39          12     206         50
  0600-0615           34          115         15        46         281        27         27         227        46           9     167         61
  0615-0630           30          112         12        43         290        26         25         230        29           8     150         52
  0630-0645           23          108         13        45         283        28         31         217        35           8     191         57
  0645-0700           32          99          17        41         239        36         21         204        43           7     175         45


   1 HOUR        1            2          3          4          5          6          7          8          9          10         11      12
   TOTALS       SBRT        SBTH        SBLT       WBRT       WBTH       WBLT       NBRT       NBTH       NBLT       EBRT       EBTH    EBLT       TOTALS


  0400-0500          122          418         74        134        931        138        140        757        150         42     932     216        4054
  0415-0515          114          419         74        153        974        131        133        803        155         35     966     238        4195
  0430-0530          113          415         77        166    1060           126        126        859        160         31     976     235        4344
  0445-0545          120          401         77        173    1131           119        116        890        153         27     984     245        4436
  0500-0600          124          386         81        181    1142           115        113        857        154         33     952     240        4378
  0515-0615          138          394         79        180    1150           107        112        864        168         33     861     230        4316
  0530-0630          142          401         70        176    1137           105        109        855        158         35     762     221        4171
  0545-0645          126          418         63        174    1115           109        111        862        149         37     714     220        4098
  0600-0700          119          434         57        175    1093           117        104        878        153         32     683     215        4060

   P.M. PEAK HOUR                                                  120        401        77
      0445-0545


                                        245                                                                          173

                                        984                                                                          1131
    CESAR CHAVEZ AVENUE
                                         27                                                                          119




                                                                   153        890        116


                                                                          BROADWAY

   THE TRAFFIC SOLUTION
   329 DIAMOND STREET
   ARCADIA, CALIFORNIA 91006
   626.446.7978
