                                                       Accutek Traffic Data, Inc.
                                                             21114 Trigger Lane
                                                           Diamond Bar, Ca 91765
                                                   Tel (909)595-6199 Fax (909)595-6022                               File Name     : 371201
                                                                                                                     Site Code     : 00371201
                                                                                                                     Start Date    : 2/18/2009
                                                                                                                     Page No       :1


                                                          Groups Printed- TMC
                      BROADWAY                       1ST ST.                BROADWAY                          1ST ST.
                      Southbound                   Westbound                 Northbound                      Eastbound
                                    App.                        App.                           App.                        App.        Int.
  Start Time Right    Thru   Left         Right    Thru   Left        Right Thru   Left              Right   Thru   Left
                                    Total                      Total                           Total                       Total      Total
   07:00 AM      32   144     13     189    20      133     5    158     10    84   15          109     7     91     19     117        573
   07:15 AM      37   130     11     178    15      151    11    177      8   114   15          137     7    102     17     126        618
   07:30 AM      45   142      5     192    14      192     6    212     17   108   14          139    11    117     20     148        691
   07:45 AM      45   149      8     202    25      199    13    237      9   121    9          139    12    106     22     140        718
       Total    159   565     37     761    74      675    35    784     44   427   53          524    37    416     78     531       2600

   08:00 AM      30   187     11      228    26    175     23     224    13    108        6     127     6    114     20     140        719
   08:15 AM      41   146     10      197    30    173      7     210    18    116       16     150     8    125     30     163        720
   08:30 AM      40   164     19      223    39    152      8     199     9    122       23     154    22    144     35     201        777
   08:45 AM      47   170     21      238    36    155     17     208    13    133        8     154    11    132     23     166        766
       Total    158   667     61      886   131    655     55     841    53    479       53     585    47    515    108     670       2982

*** BREAK ***

   04:00 PM      27    88     13      128     21   136      9     166    15    160       12     187    11    207     34     252        733
   04:15 PM      18    90      9      117     25   138      9     172    17    179        7     203     7    219     54     280        772
   04:30 PM      25   105     14      144     24   129     11     164    20    166       16     202     8    255     46     309        819
   04:45 PM      23   109     13      145     21   153     14     188    28    178        6     212    10    267     53     330        875
       Total     93   392     49      534     91   556     43     690    80    683       41     804    36    948    187    1171       3199

   05:00 PM      22    93     12      127     20   144     12     176    27    195       12     234     6  242       53     301        838
   05:15 PM      24   137     12      173     30   147     13     190    32    240       20     292     8  279       57     344        999
   05:30 PM      12   124     14      150     13   166      8     187    24    222        9     255     3  261       46     310        902
   05:45 PM      14    89     10      113     20   166      9     195    45    230       13     288     3  232       53     288        884
       Total     72   443     48      563     83   623     42     748   128    887       54    1069    20 1014      209    1243       3623

 Grand Total    482 2067     195    2744    379 2509      175    3063    305 2476     201      2982   140 2893       582   3615      12404
  Apprch %      17.6 75.3    7.1            12.4 81.9     5.7           10.2   83     6.7             3.9   80      16.1
    Total %      3.9 16.7    1.6     22.1    3.1 20.2     1.4    24.7    2.5   20     1.6        24   1.1 23.3       4.7   29.1




                      BROADWAY                      1ST ST.                    BROADWAY                       1ST ST.
                      Southbound                   Westbound                   Northbound                    Eastbound
                                       App.                      App.                          App.                        App.        Int.
  Start Time Right    Thru   Left             Right Thru  Left         Right   Thru   Left           Right   Thru   Left
                                       Total                     Total                         Total                       Total      Total
Peak Hour Analysis From 07:00 AM to 08:45 AM - Peak 1 of 1
Peak Hour for Entire Intersection Begins at 08:00 AM
   08:00 AM      30     187      11      228     26  175   23     224    13    108        6     127     6    114     20     140        719
   08:15 AM      41     146      10      197     30  173     7    210    18    116       16     150     8    125     30     163        720
   08:30 AM      40     164      19      223     39  152     8    199     9    122       23     154    22    144     35     201        777
   08:45 AM      47     170      21      238     36  155    17    208    13    133        8     154    11    132     23     166        766
       Total
                158     667      61      886    131  655    55    841    53    479       53     585    47    515    108     670       2982
     Volume
     % App.
               17.8 75.3        6.9            15.6 77.9   6.5           9.1   81.9      9.1            7    76.9   16.1
       Total
        PHF .840 .892 .726              .931 .840 .936 .598      .939   .736   .900   .576     .950   .534   .894   .771   .833        .959

Peak Hour Analysis From 04:00 PM to 05:45 PM - Peak 1 of 1
Peak Hour for Entire Intersection Begins at 05:00 PM
   05:00 PM        22      93      12     127      20  144  12    176    27    195       12     234     6    242     53     301        838
   05:15 PM       24     137       12     173      30  147 13     190    32    240       20     292     8    279     57     344        999
   05:30 PM        12    124      14      150      13 166    8    187    24    222        9     255     3    261     46     310        902
   05:45 PM        14      89      10     113      20  166   9    195    45    230       13     288     3    232     53     288        884
       Total
                   72    443       48     563      83  623  42    748   128    887       54    1069    20    1014   209    1243       3623
     Volume
     % App.
                12.8 78.7         8.5            11.1 83.3 5.6           12     83       5.1           1.6   81.6   16.8
       Total
        PHF .750 .808 .857               .814 .692 .938 .808     .959   .711   .924   .675     .915   .625   .909   .917   .903        .907
