                                                       Accutek Traffic Data, Inc.
                                                             21114 Trigger Lane
                                                           Diamond Bar, Ca 91765
                                                   Tel (909)595-6199 Fax (909)595-6022                               File Name     : 371202
                                                                                                                     Site Code     : 00371202
                                                                                                                     Start Date    : 2/18/2009
                                                                                                                     Page No       :1


                                                          Groups Printed- TMC
                      BROADWAY                       2ND ST.                BROADWAY                          2ND ST.
                      Southbound                   Westbound                 Northbound                      Eastbound
                                    App.                        App.                           App.                        App.        Int.
  Start Time Right    Thru   Left         Right    Thru  Left         Right Thru   Left              Right   Thru   Left
                                    Total                      Total                           Total                       Total      Total
   07:00 AM      10   114     10     134     3       39     1     43     17   106    5          128    13     74      1      88        393
   07:15 AM       7   127      5     139     4       55     1     60     19   118    6          143     8     96      1     105        447
   07:30 AM      11   134     12     157    10       83     0     93     17   126    7          150    11    132      2     145        545
   07:45 AM      10   170      4     184     6       98     0    104     16   133   10          159    11    134      0     145        592
       Total     38   545     31     614    23      275     2    300     69   483   28          580    43    436      4     483       1977

   08:00 AM      15   171     11      197     11    96      0     107    23    131        9     163    11    129      0     140        607
   08:15 AM       9   145     10      164     11    91      0     102    31    126        8     165    19    132      4     155        586
   08:30 AM      13   168     16      197     10   107      1     118    38    139       15     192    21    112      0     133        640
   08:45 AM       9   164     16      189      7    83      2      92    26    127       14     167    24    117      1     142        590
       Total     46   648     53      747     39   377      3     419   118    523       46     687    75    490      5     570       2423

*** BREAK ***

   04:00 PM       6    93      8      107     17    91      3     111    23    166       12     201    12    101      3     116        535
   04:15 PM       6    91      9      106      5    83      3      91    25    189       19     233    19    118      2     139        569
   04:30 PM       4   114      5      123      8    87      0      95    23    189       19     231    20     99      3     122        571
   04:45 PM       4   109     12      125     12    79      1      92    21    202       25     248    27    119      3     149        614
       Total     20   407     34      461     42   340      7     389    92    746       75     913    78    437     11     526       2289

   05:00 PM       3   103      5      111     15   122      1     138    22    220       21     263    18    131      1     150        662
   05:15 PM       3   128      2      133     11   135      1     147    44    265       22     331    14    116      2     132        743
   05:30 PM       2   123      6      131      6   118      0     124    39    248       15     302    16    103      4     123        680
   05:45 PM       4    95      4      103     15   132      1     148    41    258       21     320     6    104      1     111        682
       Total     12   449     17      478     47   507      3     557   146    991       79    1216    54    454      8     516       2767

 Grand Total    116 2049     135    2300    151 1499       15    1665    425 2743     228      3396   250 1817       28    2095       9456
  Apprch %        5 89.1     5.9            9.1   90       0.9          12.5 80.8     6.7             11.9 86.7      1.3
    Total %     1.2 21.7     1.4     24.3   1.6 15.9       0.2   17.6    4.5   29     2.4      35.9    2.6 19.2      0.3   22.2




                      BROADWAY                      2ND ST.                    BROADWAY                       2ND ST.
                      Southbound                   Westbound                   Northbound                    Eastbound
                                       App.                      App.                          App.                        App.        Int.
  Start Time Right    Thru   Left             Right Thru  Left         Right   Thru   Left           Right   Thru   Left
                                       Total                     Total                         Total                       Total      Total
Peak Hour Analysis From 07:00 AM to 08:45 AM - Peak 1 of 1
Peak Hour for Entire Intersection Begins at 07:45 AM
   07:45 AM      10     170       4      184      6   98     0    104    16    133       10     159    11    134      0     145        592
   08:00 AM      15     171      11      197     11   96     0    107    23    131        9     163    11    129      0     140        607
   08:15 AM        9    145      10      164     11   91     0    102    31    126        8     165    19    132      4     155        586
   08:30 AM      13     168      16      197     10  107     1    118    38    139       15     192    21    112      0     133        640
       Total
                 47     654      41      742     38  392     1    431   108    529       42     679    62    507      4     573       2425
     Volume
     % App.
                6.3 88.1        5.5             8.8   91   0.2          15.9   77.9      6.2          10.8   88.5    0.7
       Total
        PHF .783 .956 .641              .942 .864 .916 .250      .913   .711   .951   .700     .884   .738   .946   .250   .924        .947

Peak Hour Analysis From 04:00 PM to 05:45 PM - Peak 1 of 1
Peak Hour for Entire Intersection Begins at 05:00 PM
   05:00 PM         3    103        5     111      15 122    1    138    22    220       21     263    18    131      1     150        662
   05:15 PM         3    128        2     133      11 135    1    147    44    265       22     331    14    116      2     132        743
   05:30 PM         2    123        6     131       6 118    0    124    39    248       15     302    16    103      4     123        680
   05:45 PM         4      95       4     103      15 132    1    148    41    258       21     320     6    104      1     111        682
       Total
                   12    449       17     478      47 507    3    557   146    991       79    1216    54    454      8     516       2767
     Volume
     % App.
                 2.5 93.9         3.6             8.4  91  0.5           12    81.5      6.5          10.5    88     1.6
       Total
        PHF .750 .877 .708               .898 .783 .939 .750     .941   .830   .935   .898     .918   .750   .866   .500   .860        .931
