WILTEC                                                                                                         Phone: (626) 564-1944           Fax: (626) 564-0969
INTERSECTION CAR/PED/BIKE TRAFFIC COUNT RESULTS SUMMARY

CLIENT:                                  INTUEOR
PROJECT:                                 DOWNTOWN LOS ANGELES TRAFFIC COUNTS
DATE:                                    THURSDAY NOVEMBER 15,2012
PERIOD"                                  7:00 AM TO 10:00 AM
INTERSECTION:                N/S         BROADWAY
                             E/W         OLYMPIC BOULEVARD
CITY:                                    LOS ANGELES

VEHICLE COUNTS
15 MIN COUNTS         1            2           3          4            5         6        7            8        9          10           11          12
PERIOD             SBRT        SBTH         SBLT       WBRT        WBTH       WBLT     NBRT         NBTH     NBLT        EBRT        EBTH         EBLT     TOTAL
700-715              11           63           4          8          127        27        7           96       22           9          104           5       483
715-730              19           76           4          6          147         9        4          113       16           9          120          14       537
730-745              11           68           5          7          128         9        5          118       14           6          139          10       520
745-800               8           89           2          6          135        10        8          152       18          10          177          11       626
800-815              22           80           5         14          140        20        7          158       15           8          160          15       644
815-830              19           86           2          8          126        13        3          167       24           7          191          18       664
830-845              18          101           5          7          133        14       10          169       13          11          192          19       692
845-900              21           99           9          2          164        14       12          155       18           7          184           7       692
900-915              20           84           6         10          131        14       12          143       10          15          168          16       629
915-930              17           61           6         10          119        13       10          122       11          17          169          11       566
930-945              20           51          14         12          114         6       19          115        6           7          164          14       542
945-1000             21           63           7         15           94        11       12           82       11           9          122           8       455
HOUR TOTALS           1            2           3          4            5         6        7            8        9          10           11          12
PERIOD             SBRT        SBTH         SBLT       WBRT        WBTH       WBLT     NBRT         NBTH     NBLT        EBRT        EBTH         EBLT     TOTAL
700-800              49          296          15         27          537        55       24          479       70          34          540          40       2166
715-815              60          313          16         33          550        48       24          541       63          33          596          50       2327
730-830              60          323          14         35          529        52       23          595       71          31          667          54       2454
745-845              67          356          14         35          534        57       28          646       70          36          720          63       2626
800-900              80          366          21         31          563        61       32          649       70          33          727          59       2692
815-915              78          370          22         27          554        55       37          634       65          40          735          60       2677
830-930              76          345          26         29          547        55       44          589       52          50          713          53       2579
845-945              78          295          35         34          528        47       53          535       45          46          685          48       2429
900-1000             78          259          33         47          458        44       53          462       38          48          623          49       2192

 AM PEAK HOUR:     800-900
                                                                                              31

                                           80         366          21                         563

                                                                                              61



                                                59

OLYMPIC BOULEVARD                            727                              70       649          32

                                                33                                   BROADWAY



PEDESTRIAN COUNTS                                                                    BICYCLE COUNTS
15 MIN COUNTS    NORTH       EAST        SOUTH       WEST        TOTAL               15 MIN COUNTS         NORTH       EAST        SOUTH       WEST       TOTAL
PERIOD           LEG         LEG         LEG         LEG                             PERIOD                LEG         LEG         LEG         LEG
700-715               12            13        19            14           58          700-715                       3          1            4          2           10
715-730               19            12        19            12           62          715-730                       2          2            4          1            9
730-745               21            16        21            28           86          730-745                       2          2            2          4           10
745-800               17            15        22            24           78          745-800                       1          5            4          2           12
800-815               27            18        25            28           98          800-815                       2          2            2          3            9
815-830               31            18        13            13           75          815-830                       1          0            0          1            2
830-845               22            17        31            15           85          830-845                       2          1            6          1           10
854-900               28            12        26            13           79          845-900                       2          4            8          2           16
900-915               19            10        24            18           71          900-915                       1          4            4          0            9
915-930               31            15        18            22           86          915-930                       0          1            5          3            9
930-945               31            11        19            14           75          930-945                       0          4            2          0            6
945-1000              21            14        26            11           72          945-1000                      2          2            4          1            9
HOUR TOTALS      NORTH       EAST        SOUTH       WEST        TOTAL               HOUR TOTALS           NORTH       EAST        SOUTH WEST     TOTAL
PERIOD           LEG         LEG         LEG         LEG                             PERIOD                LEG         LEG         LEG     LEG
700-800               69            56        81            78       284             700-800                       8          10        14      9       41
715-815               84            61        87            92       324             715-815                       7          11        12     10       40
730-830               96            67        81            93       337             730-830                       6           9         8     10       33
745-845               97            68        91            80       336             745-845                       6           8        12      7       33
800-900              108            65        95            69       337             800-900                       7           7        16      7       37
815-915              100            57        94            59       310             815-915                       6           9        18      4       37
830-930              100            54        99            68       321             830-930                       5          10        23      6       44
845-945              109            48        87            67       311             845-945                       3          13        19      5       40
900-1000             102            50        87            65       304             900-1000                      3          11        15      4       33
WILTEC                                                                                                        Phone: (925) 706-9911           Fax: (925) 706-9914
INTERSECTION CAR/PED/BIKE TRAFFIC COUNT RESULTS SUMMARY

CLIENT:                                   INTUEOR
PROJECT:                                  DOWNTOWN LOS ANGELES TRAFFIC COUNTS
DATE:                                     THURSDAY NOVEMBER 15,2012
PERIOD"                                   3:00 PM TO 6:00 PM
INTERSECTION:                N/S          BROADWAY
                             E/W          OLYMPIC BOULEVARD
CITY:                                     LOS ANGELES

VEHICLE COUNTS
15 MIN COUNTS         1            2            3          4            5       6        7            8        9          10           11          12
PERIOD             SBRT        SBTH          SBLT       WBRT        WBTH     WBLT     NBRT         NBTH     NBLT        EBRT        EBTH         EBLT     TOTAL
300-315              21           90            8         25          148      11       10           97       17          15           93          18       553
315-330              16          119            8         20          148      17       11           85        9          16          118          12       579
330-345              19          112           13         17          136      18       12          102       10          11          128          14       592
345-400              16          100            4         17          165      10       10          126       16          14          137           9       624
400-415              14          121            6         20          157      22       15          135       11          23          127           7       658
415-430              19          106           10         14          167      10        9          120        6          20          130          12       623
430-445              22          132            6         13          171      19       16          138       12          15          148          18       710
445-500              20          154            2          9          175      26       17          144       13          14          150          24       748
500-515              22          141            6         18          183      20       18          169       12          18          111          21       739
515-530              28          164           11         19          172      23       15          160        8          15          144          11       770
530-545              13          170            2         15          180      13       18          163       16          13          139          24       766
545-600              18          133            4         11          176      16        9          161       21          12          123          22       706
HOUR TOTALS           1            2            3          4            5       6        7            8        9          10           11          12
PERIOD             SBRT        SBTH          SBLT       WBRT        WBTH     WBLT     NBRT         NBTH     NBLT        EBRT        EBTH         EBLT     TOTAL
300-400              72          421           33         79          597      56       43          410       52          56          476          53       2348
315-415              65          452           31         74          606      67       48          448       46          64          510          42       2453
330-430              68          439           33         68          625      60       46          483       43          68          522          42       2497
345-445              71          459           26         64          660      61       50          519       45          72          542          46       2615
400-500              75          513           24         56          670      77       57          537       42          72          555          61       2739
415-515              83          533           24         54          696      75       60          571       43          67          539          75       2820
430-530              92          591           25         59          701      88       66          611       45          62          553          74       2967
445-545              83          629           21         61          710      82       68          636       49          60          544          80       3023
500-600              81          608           23         63          711      72       60          653       57          58          517          78       2981

 PM PEAK HOUR:     445-545
                                                                                             51

                                            83         629           21                      710

                                                                                             82



                                                 80

OLYMPIC BOULEVARD                             544                            49       636          68

                                                 60                                 BROADWAY



PEDESTRIAN COUNTS                                                                   BICYCLE COUNTS
15 MIN COUNTS    NORTH       EAST         SOUTH       WEST        TOTAL             15 MIN COUNTS         NORTH       EAST        SOUTH       WEST       TOTAL
PERIOD           LEG         LEG          LEG         LEG                           PERIOD                LEG         LEG         LEG         LEG
300-315               20            17         19             9         65          300-315                       3          4            7          3           17
315-330               18            25         34            25       102           315-330                       0          2            3          1            6
330-345               17            17         18            25         77          330-345                       1          2            6          3           12
345-400               16            20         44            34       114           345-400                       1          2            7          0           10
400-415               23            26         33            22       104           400-415                       0          6            3          3           12
415-430               24            26         26            20         96          415-430                       2          2            5          1           10
430-445               28            32         30            19       109           430-445                       3          0            3          3            9
445-500               23            22         25            23         93          445-500                       1          1            3          3            8
500-515               29            25         35            14       103           500-515                       3          6            4          2           15
515-530               26            25         35            17       103           515-530                       2          4            2          2           10
530-545               21            22         38            27       108           530-545                       3          4            3          3           13
545-600               27            20         26            25         98          545-600                       1          4            1          2            8
HOUR TOTALS      NORTH       EAST         SOUTH       WEST        TOTAL             HOUR TOTALS           NORTH       EAST        SOUTH WEST     TOTAL
PERIOD           LEG         LEG          LEG         LEG                           PERIOD                LEG         LEG         LEG     LEG
300-400               71             79       115         93          358           300-400                       5          10        23      7       45
315-415               74             88       129        106          397           315-415                       2          12        19      7       40
330-430               80             89       121        101          391           330-430                       4          12        21      7       44
345-445               91            104       133         95          423           345-445                       6          10        18      7       41
400-500               98            106       114         84          402           400-500                       6           9        14     10       39
415-515              104            105       116         76          401           415-515                       9           9        15      9       42
430-530              106            104       125         73          408           430-530                       9          11        12     10       42
445-545               99             94       133         81          407           445-545                       9          15        12     10       46
500-600              103             92       134         83          412           500-600                       9          18        10      9       46
