WILTEC                                                                                                       Phone: (626) 564-1944           Fax: (626) 564-0969
INTERSECTION CAR/PED/BIKE TRAFFIC COUNT RESULTS SUMMARY

CLIENT:                                INTUEOR
PROJECT:                               DOWNTOWN LOS ANGELES TRAFFIC COUNTS
DATE:                                  THURSDAY NOVEMBER 15,2012
PERIOD"                                7:00 AM TO 10:00 AM
INTERSECTION:                N/S       BROADWAY
                             E/W       3RD STREET
CITY:                                  LOS ANGELES

VEHICLE COUNTS
15 MIN COUNTS          1           2         3           4           5         6        7            8        9          10          11           12
PERIOD             SBRT        SBTH       SBLT       WBRT        WBTH       WBLT     NBRT         NBTH     NBLT        EBRT        EBTH         EBLT      TOTAL
700-715               21         113         0          11         390         0        0           90       11           0           0            0        636
715-730               29         130         0          22         353         0        0           94        8           0           0            0        636
730-745               28         120         0          23         364         0        0          120       21           0           0            0        676
745-800               25         131         0          24         359         0        0          134       20           0           0            0        693
800-815               39         125         0          23         350         0        0          136       20           0           0            0        693
815-830               30         157         0          29         374         0        0          184       24           0           0            0        798
830-845               36         162         0          29         307         0        0          157       28           0           0            0        719
845-900               30         140         0          25         286         0        0          134       21           0           0            0        636
900-915               20         150         0          17         333         0        0          110       17           0           0            0        647
915-930               25         123         0          13         283         0        0           92       26           0           0            0        562
930-945               30         137         0          21         274         0        0          106       12           0           0            0        580
945-1000              30         115         0          17         232         0        0          111       29           0           0            0        534
HOUR TOTALS            1           2         3           4           5         6        7            8        9          10          11           12
PERIOD             SBRT        SBTH       SBLT       WBRT        WBTH       WBLT     NBRT         NBTH     NBLT        EBRT        EBTH         EBLT      TOTAL
700-800              103         494         0          80        1466         0        0          438       60           0           0            0        2641
715-815              121         506         0          92        1426         0        0          484       69           0           0            0        2698
730-830              122         533         0          99        1447         0        0          574       85           0           0            0        2860
745-845              130         575         0         105        1390         0        0          611       92           0           0            0        2903
800-900              135         584         0         106        1317         0        0          611       93           0           0            0        2846
815-915              116         609         0         100        1300         0        0          585       90           0           0            0        2800
830-930              111         575         0          84        1209         0        0          493       92           0           0            0        2564
845-945              105         550         0          76        1176         0        0          442       76           0           0            0        2425
900-1000             105         525         0          68        1122         0        0          419       84           0           0            0        2323

 AM PEAK HOUR:     745-845
                                                                                            105

                                         130        575           0                         1390

                                                                                            0



                                               0

3RD STREET                                     0                            92       611          0

                                               0                                   BROADWAY



PEDESTRIAN COUNTS                                                                  BICYCLE COUNTS
15 MIN COUNTS    NORTH       EAST      SOUTH       WEST        TOTAL               15 MIN COUNTS         NORTH       EAST        SOUTH       WEST        TOTAL
PERIOD           LEG         LEG       LEG         LEG                             PERIOD                LEG         LEG         LEG         LEG
700-715                6      23            18            11         58            700-715                       0          1            0          1             2
715-730               15      44            16             7         82            715-730                       0          1            1          0             2
730-745                8      60            24            14       106             730-745                       2          2            0          1             5
745-800               18      41            15            19         93            745-800                       0          4            1          0             5
800-815               14      37            20            17         88            800-815                       0          5            1          2             8
815-830               17      22            24            20         83            815-830                       2          3            0          2             7
830-845               26      50            18            19       113             830-845                       1          1            0          2             4
854-900               21      43            18            24       106             845-900                       0          0            4          2             6
900-915               14      63            33            29       139             900-915                       0          3            0          4             7
915-930               14      59            29            32       134             915-930                       2          2            3          2             9
930-945                5      45            30            41       121             930-945                       3          1            1          0             5
945-1000              10      32            39            32       113             945-1000                      5          3            2          1            11
HOUR TOTALS      NORTH EAST            SOUTH       WEST        TOTAL               HOUR TOTALS           NORTH       EAST        SOUTH       WEST        TOTAL
PERIOD           LEG     LEG           LEG         LEG                             PERIOD                LEG         LEG         LEG         LEG
700-800               47     168            73          51            339          700-800                    2              8           2           2           14
715-815               55     182            75          57            369          715-815                    2             12           3           3           20
730-830               57     160            83          70            370          730-830                    4             14           2           5           25
745-845               75     150            77          75            377          745-845                    3             13           2           6           24
800-900               78     152            80          80            390          800-900                    3              9           5           8           25
815-915               78     178            93          92            441          815-915                    3              7           4          10           24
830-930               75     215            98         104            492          830-930                    3              6           7          10           26
845-945               54     210           110         126            500          845-945                    5              6           8           8           27
900-1000              43     199           131         134            507          900-1000                  10              9           6           7           32
WILTEC                                                                                                           Phone: (925) 706-9911          Fax: (925) 706-9914
INTERSECTION CAR/PED/BIKE TRAFFIC COUNT RESULTS SUMMARY

CLIENT:                                   INTUEOR
PROJECT:                                  DOWNTOWN LOS ANGELES TRAFFIC COUNTS
DATE:                                     THURSDAY NOVEMBER 15,2012
PERIOD"                                   3:00 PM TO 6:00 PM
INTERSECTION:                N/S          BROADWAY
                             E/W          3RD STREET
CITY:                                     LOS ANGELES

VEHICLE COUNTS
15 MIN COUNTS          1           2            3           4            5         6        7            8         9         10         11           12
PERIOD             SBRT        SBTH          SBLT       WBRT         WBTH       WBLT     NBRT         NBTH      NBLT       EBRT       EBTH         EBLT     TOTAL
300-315               27          99            0          36          251         0        0          127        23          0          0            0       563
315-330               15         123            0          20          216         0        0          134        23          0          0            0       531
330-345               22          98            0          38          210         0        0          109        18          0          0            0       495
345-400               33         109            0          36          239         0        0          175        20          0          0            0       612
400-415               31         133            0          31          210         0        0          165        22          0          0            0       592
415-430               24         115            0          43          263         0        0          189        23          0          0            0       657
430-445               28         144            0          54          243         0        0          208        22          0          0            0       699
445-500               29         167            0          55          292         0        0          220        26          0          0            0       789
500-515               27         159            0          55          269         0        0          256        33          0          0            0       799
515-530               22         145            0          52          220         0        0          211        37          0          0            0       687
530-545               24         163            0          33          219         0        0          249        29          0          0            0       717
545-600               28         115            0          33          243         0        0          234        36          0          0            0       689
HOUR TOTALS            1           2            3           4            5         6        7            8         9         10         11           12
PERIOD             SBRT        SBTH          SBLT       WBRT         WBTH       WBLT     NBRT         NBTH      NBLT       EBRT       EBTH         EBLT     TOTAL
300-400               97         429            0         130          916         0        0          545        84          0          0            0       2201
315-415              101         463            0         125          875         0        0          583        83          0          0            0       2230
330-430              110         455            0         148          922         0        0          638        83          0          0            0       2356
345-445              116         501            0         164          955         0        0          737        87          0          0            0       2560
400-500              112         559            0         183         1008         0        0          782        93          0          0            0       2737
415-515              108         585            0         207         1067         0        0          873       104          0          0            0       2944
430-530              106         615            0         216         1024         0        0          895       118          0          0            0       2974
445-545              102         634            0         195         1000         0        0          936       125          0          0            0       2992
500-600              101         582            0         173          951         0        0          950       135          0          0            0       2892

 PM PEAK HOUR:     445-545
                                                                                                195

                                            102         634           0                         1000

                                                                                                0



                                                  0

3RD STREET                                        0                             125      936          0

                                                  0                                    BROADWAY



PEDESTRIAN COUNTS                                                                      BICYCLE COUNTS
15 MIN COUNTS    NORTH       EAST         SOUTH       WEST         TOTAL               15 MIN COUNTS         NORTH       EAST       SOUTH       WEST       TOTAL
PERIOD           LEG         LEG          LEG         LEG                              PERIOD                LEG         LEG        LEG         LEG
300-315               31             75        50             54       210             300-315                       3          1           2          7           13
315-330               15             88        65             63       231             315-330                       2          4           6          1           13
330-345               23             90        35             45       193             330-345                       4          2           7          3           16
345-400               26             71        60             65       222             345-400                       6          7           6          5           24
400-415               23             66        56             53       198             400-415                       1          6           2          2           11
415-430               22             80        38             55       195             415-430                       2          4           2          2           10
430-445               37             98        29             64       228             430-445                       0          2           2          3            7
445-500               34            104        50             49       237             445-500                       1          2           3          2            8
500-515               35            127        44             38       244             500-515                       0          3           4          0            7
515-530               29            150        35             53       267             515-530                       0          5           6          2           13
530-545               30            112        25             46       213             530-545                       1          4           4          3           12
545-600               30             92        38             37       197             545-600                       0          2           0          1            3
HOUR TOTALS      NORTH       EAST         SOUTH       WEST         TOTAL               HOUR TOTALS           NORTH EAST     SOUTH WEST     TOTAL
PERIOD           LEG         LEG          LEG         LEG                              PERIOD                LEG     LEG    LEG     LEG
300-400               95            324       210         227             856          300-400                    15     14      21     16       66
315-415               87            315       216         226             844          315-415                    13     19      21     11       64
330-430               94            307       189         218             808          330-430                    13     19      17     12       61
345-445              108            315       183         237             843          345-445                     9     19      12     12       52
400-500              116            348       173         221             858          400-500                     4     14       9      9       36
415-515              128            409       161         206             904          415-515                     3     11      11      7       32
430-530              135            479       158         204             976          430-530                     1     12      15      7       35
445-545              128            493       154         186             961          445-545                     2     14      17      7       40
500-600              124            481       142         174             921          500-600                     1     14      14      6       35
