INTERSECTION TURNING MOVEMENT COUNT SUMMARY

CLIENT:                     CRAIN & ASSOCIATES
PROJECT:                    HOLLYWOOD
DATE:                       THURSDAY, APRIL 01, 2010
PERIOD:                     07:00 AM TO 10:00 AM
INTERSECTION:    N/S        BRONSON AVENUE
                E/W         SUNSET BOULEVARD
FILE NUMBER:                 3-AM


  15 MINUTE       1            2          3          4         5            6          7          8          9          10         11      12
   TOTALS       SBRT         SBTH        SBLT       WBRT      WBTH        WBLT        NBRT       NBTH       NBLT       EBRT       EBTH    EBLT


  0700-0715            12          16           8        14        336          15         13         17           3          4     165          7
  0715-0730            10          20           8        18        381          23           8        17           4          3     196         12
  0730-0745            16          30          10        16        445          21         11         22           2          2     213         10
  0745-0800            14          37          15        21        395          17         14         29           4          4     227         12
  0800-0815            15          46          12        17        387          16         18         21           3          6     246         13
  0815-0830            19          38          13        12        437          13         14         22           3          8     232         19
  0830-0845            24          49          10        10        456          10         18         23           3          9     245         15
  0845-0900            17          51          14        15        431          14         21         23           6          5     251         11
  0900-0915            16          54          14        15        409          10         17         29           4          7     247         13
  0915-0930            22          49          19        14        408          10         15         21           4          4     245         13
  0930-0945            16          57          12        14        445          18         18         30           3          5     250         16
  0945-1000            17          42          13        11        392          19         16         21           6          9     277         19


   1 HOUR         1            2          3          4         5            6          7          8          9          10         11      12
   TOTALS       SBRT         SBTH        SBLT       WBRT      WBTH        WBLT        NBRT       NBTH       NBLT       EBRT       EBTH    EBLT       TOTALS


  0700-0800            52          103         41        69    1557             76         46         85         13          13     801         41     2897
  0715-0815            55          133         45        72    1608             77         51         89         13          15     882         47     3087
  0730-0830            64          151         50        66    1664             67         57         94         12          20     918         54     3217
  0745-0845            72          170         50        60    1675             56         64         95         13          27     950         59     3291
  0800-0900            75          184         49        54    1711             53         71         89         15          28     974         58     3361
  0815-0915            76          192         51        52    1733             47         70         97         16          29     975         58     3396
  0830-0930            79          203         57        54    1704             44         71         96         17          25     988         52     3390
  0845-0945            71          211         59        58    1693             52         71         103        17          21     993         53     3402
  0900-1000            71          202         58        54    1654             57         66         101        17          25    1019         61     3385

   A.M. PEAK HOUR                                                  71           211        59
      0845-0945


                                          53                                                                            58

                                         993                                                                           1693
        SUNSET BOULEVARD
                                          21                                                                            52




                                                                   17           103        71


                                                                         BRONSON AVENUE

   THE TRAFFIC SOLUTION
   329 DIAMOND STREET
   ARCADIA, CALIFORNIA 91006
   626.446.7978
INTERSECTION TURNING MOVEMENT COUNT SUMMARY

CLIENT:                     CRAIN & ASSOCIATES
PROJECT:                    HOLLYWOOD
DATE:                       THURSDAY, APRIL 01, 2010
PERIOD:                     03:00 PM TO 06:00 PM
INTERSECTION:    N/S        BRONSON AVENUE
                E/W         SUNSET BOULEVARD
FILE NUMBER:                 3-PM


  15 MINUTE       1            2          3          4         5            6          7          8          9          10         11      12
   TOTALS       SBRT         SBTH        SBLT       WBRT      WBTH        WBLT        NBRT       NBTH       NBLT       EBRT       EBTH    EBLT


  0300-0315            16          38          17        19        391          18         42         42         10           9     368         22
  0315-0330            11          34          23        18        350          19         41         52           8          8     330         23
  0330-0345            14          49          20        19        358          11         38         48           8          9     352         20
  0345-0400            18          45          23        10        374           9         41         47           5          5     369         23
  0400-0415            11          47          18        11        404          15         36         47           4          3     397         27
  0415-0430            14          49          15        10        395          16         37         45           4          3     401         21
  0430-0445            14          39          12        19        380          10         34         62           7          5     382         26
  0445-0500            16          33          19        20        366          12         33         42           8          7     404         20
  0500-0515            12          37          18        17        379          10         38         68         10          11     416         32
  0515-0530            17          49          20        21        375          13         53         68         11           8     407         22
  0530-0545            11          41          21        18        381          12         44         72           6          7     406         30
  0545-0600            10          52          22        23        355          16         48         56           7          8     399         30


   1 HOUR         1            2          3          4         5            6          7          8          9          10         11      12
   TOTALS       SBRT         SBTH        SBLT       WBRT      WBTH        WBLT        NBRT       NBTH       NBLT       EBRT       EBTH    EBLT       TOTALS


  0300-0400            59          166         83        66    1473             57         162        189        31          31    1419         88     3824
  0315-0415            54          175         84        58    1486             54         156        194        25          25    1448         93     3852
  0330-0430            57          190         76        50    1531             51         152        187        21          20    1519         91     3945
  0345-0445            57          180         68        50    1553             50         148        201        20          16    1549         97     3989
  0400-0500            55          168         64        60    1545             53         140        196        23          18    1584         94     4000
  0415-0515            56          158         64        66    1520             48         142        217        29          26    1603         99     4028
  0430-0530            59          158         69        77    1500             45         158        240        36          31    1609     100        4082
  0445-0545            56          160         78        76    1501             47         168        250        35          33    1633     104        4141
  0500-0600            50          179         81        79    1490             51         183        264        34          34    1628     114        4187

   P.M. PEAK HOUR                                                  50           179        81
      0500-0600


                                         114                                                                            79

                                         1628                                                                          1490
        SUNSET BOULEVARD
                                          34                                                                            51




                                                                   34           264        183


                                                                         BRONSON AVENUE

   THE TRAFFIC SOLUTION
   329 DIAMOND STREET
   ARCADIA, CALIFORNIA 91006
   626.446.7978
