                                                                                             Accutek Traffic Data
                                                                                              21114 Trigger Lane
                                                                                            Diamond Bar, CA 91765
                                                                                                (909) 595-6199                                                                       File Name                : 376402
                                                                                                                                                                                     Site Code                : 00376402
                                                                                                                                                                                     Start Date               : 2/21/2013
                                                                                                                                                                                     Page No                  :1


                                                                                             Groups Printed- TMC
                          EDGEMONT ST.                                  FRANKLIN AVE.                           EDGEMONT ST.                             FRANKLIN AVE.
                           Southbound                                     Westbound                              Northbound                                Eastbound
 Start Time     Right Thru  Left Peds Bikes    App. Total   Right   Thru Left Peds Bikes   App. Total Right Thru  Left Peds Bikes   App. Total Right Thru  Left Peds Bikes   App. Total   Exclu. Total   Inclu. Total   Int. Total
  07:00 AM         2    15    0     2    1         17          0      95   24    6    0       119        2     4    3     8    0            9     7    70    1     2    0        78             19        223             242
  07:15 AM         5    22    0     2    0         27          1    115    24    7    1       140       11     8    7     6    1          26     12 101      3     6    1       116             24        309             333
  07:30 AM         8    29    1     4    1         38          0    138    23    5    0       161       14    18    6     9    0          38      9 162      3     4    0       174             23        411             434
  07:45 AM        13    45    1     0    0         59          0    171    21    4    2       192       12    15    9   12     1          36      6 178      4     2    2       188             23        475             498
        Total     28 111      2     8    2        141          1    519    92   22    3       612       39    45   25   35     2       109       34 511     11   14     3       556             89       1418            1507

  08:00 AM       15     48     1      6    2       64          0    175     27    4    0     202    10     16     11      8    0       37    19    133      5    3      0       157             23        460             483
  08:15 AM       14     32     1      1    1       47          4    167     15    6    0     186     9     22      5      3    0       36    12    139      3    2      1       154             14        423             437
  08:30 AM       12     25     2      4    2       39          2    142     16    6    1     160    10     16      7      3    0       33    24    141      7    3      0       172             19        404             423
  08:45 AM       11     21     1      4    0       33          1    168     14    4    0     183    11     17      5      4    1       33    15    138      4    2      0       157             15        406             421
       Total     52    126     5     15    5      183          7    652     72   20    1     731    40     71     28     18    1      139    70    551     19   10      1       640             71       1693            1764

  09:00 AM       10     23     1      6    1       34          2    162     11    1    1     175    10     10      3      1    2       23    17    111      3    2      1       131             15        363             378
  09:15 AM       10     18     1      5    2       29          0    138     13    6    0     151    17     13      3      5    0       33    12    127      3    1      1       142             20        355             375
  09:30 AM        5     21     1     10    0       27          2    133     12    6    1     147     7      7      4      5    0       18     5    132      4    0      1       141             23        333             356
  09:45 AM        3     25     2      5    1       30          0    145      7    1    0     152    13     11      2     10    1       26     8    122      2    2      0       132             20        340             360
       Total     28     87     5     26    4      120          4    578     43   14    2     625    47     41     12     21    3      100    42    492     12    5      3       546             78       1391            1469

*** BREAK ***

  03:00 PM       10     25     1      1    0       36          2    131      9    1    0     142    13     28      3     12    2       44    23    188      5    2      0       216             18        438             456
  03:15 PM        8     28     2      4    1       38          3    144     10    2    1     157    12     27     11      9    3       50    12    189      3    1      0       204             21        449             470
  03:30 PM        9     18     1      3    1       28          2    136     10    1    1     148    20     36     14     12    1       70    17    198      5    0      0       220             19        466             485
  03:45 PM        1     16     2      6    3       19          1    114     10    2    0     125    21     25      7     11    0       53    13    170      5    4      1       188             27        385             412
       Total     28     87     6     14    5      121          8    525     39    6    2     572    66    116     35     44    6      217    65    745     18    7      1       828             85       1738            1823

  04:00 PM        2     12     1      7    1         15        4    152      9    1    0     165    19     30      4     14    1       53    13    189      6    3      0       208            27         441             468
  04:15 PM        2      8     0      4    1         10        1    136      9    4    0     146     8     35      6     13    0       49     8    172      3    5      0       183            27         388             415
  04:30 PM        3      6     0      4    0          9        0    106      5    2    0     111    18     45     11      8    1       74    11    183      6    1      0       200            16         394             410
  04:45 PM        7      5     0      6    0         12        2    140     14    4    0     156    22     32     10     10    2       64    12    172      4   11      0       188            33         420             453
       Total     14     31     1     21    2         46        7    534     37   11    0     578    67    142     31     45    4      240    44    716     19   20      0       779           103        1643            1746

  05:00 PM        5      7     0      4    0         12        2    135      7    2    0     144    18     32      8      5    1       58    14    192      4    2      0       210             14        424             438
  05:15 PM        8      7     0      6    3         15        3    149     14    0    1     166    16     38     12      9    1       66     6    186      8    1      1       200             22        447             469
  05:30 PM        7      9     0      6    1         16        4    127      7    4    2     138    21     40      8      8    2       69     9    206     16    2      2       231             27        454             481
  05:45 PM        2      7     1      5    0         10        1    138     10    2    0     149    23     41     11     10    3       75    11    209      3    1      1       223             22        457             479
       Total     22     30     1     21    4         53       10    549     38    8    3     597    78    151     39     32    7      268    40    793     31    6      4       864             85       1782            1867

 Grand Total    172    472    20          22      664         37    3357   321   81   11   3715    337    566    170          23    1073    295    3808   110   62     12     4213            511        9665           10176
                                    105                                                                                 195
 Apprch %       25.9   71.1     3                              1    90.4   8.6                     31.4   52.7   15.8                          7   90.4   2.6
  Total %        1.8    4.9   0.2                  6.9       0.4    34.7   3.3              38.4    3.5    5.9    1.8                11.1    3.1   39.4   1.1                  43.6                5           95
                                   EDGEMONT ST.                             FRANKLIN AVE.                       EDGEMONT ST.                        FRANKLIN AVE.
                                     Southbound                               Westbound                          Northbound                           Eastbound
       Start Time        Right       Thru         Left App. Total   Right    Thru     Left App. Total   Right    Thru     Left App. Total   Right    Thru     Left App. Total   Int. Total
Peak Hour Analysis From 07:00 AM to 10:00 AM - Peak 1 of 1
Peak Hour for Entire Intersection Begins at 07:30 AM
         07:30 AM              8       29            1         38       0     138       23        161     14       18        6         38       9     162        3        174         411
         07:45 AM            13        45            1         59       0     171       21        192     12       15        9         36       6     178        4        188         475
         08:00 AM            15        48            1         64       0     175       27        202     10       16       11         37     19       133       5        157        460
         08:15 AM            14        32            1         47       4      167      15        186      9       22        5         36      12      139        3       154        423
     Total Volume            50       154            4        208       4      651      86        741     45        71      31        147      46      612       15       673       1769
      % App. Total           24        74          1.9                0.5     87.9    11.6              30.6      48.3    21.1                6.8     90.9      2.2
               PHF         .833      .802       1.000        .813   .250      .930    .796       .917   .804      .807    .705       .967   .605      .860    .750       .895        .931

Peak Hour Analysis From 03:00 PM to 05:45 PM - Peak 1 of 1
Peak Hour for Entire Intersection Begins at 05:00 PM
         05:00 PM              5         7           0      12          2     135        7        144     18       32        8         58     14      192        4        210         424
         05:15 PM              8         7           0      15          3     149       14        166     16       38       12         66       6     186        8        200         447
         05:30 PM              7         9           0      16          4      127        7       138     21       40        8         69       9     206       16        231         454
         05:45 PM              2         7           1      10          1      138       10       149     23       41       11         75      11     209         3       223         457
     Total Volume            22        30            1      53         10      549       38       597     78       151      39        268      40      793       31       864       1782
      % App. Total         41.5      56.6          1.9                1.7       92      6.4             29.1      56.3    14.6                4.6     91.8      3.6
               PHF         .688      .833        .250     .828      .625      .921    .679       .899   .848      .921    .813       .893   .714      .949    .484       .935        .975
