INTERSECTION TURNING MOVEMENT COUNT SUMMARY

CLIENT:                    CRAIN & ASSOCIATES
PROJECT:                   HOLLYWOOD
DATE:                      THURSDAY, APRIL 01, 2010
PERIOD:                    07:00 AM TO 10:00 AM
INTERSECTION:   N/S        GOWER STREET
                E/W        FOUNTAIN AVENUE
FILE NUMBER:                2-AM


  15 MINUTE      1            2          3          4          5           6          7          8          9          10         11         12
   TOTALS       SBRT        SBTH        SBLT       WBRT       WBTH       WBLT        NBRT       NBTH       NBLT       EBRT       EBTH       EBLT


  0700-0715           11          78           4          3        35           3           1        46           2          2         25          4
  0715-0730           17          80           8          6        42           4           3        57           3          3         21          5
  0730-0745           26          92          14          9        49           5           3        40           3          6         25          7
  0745-0800           20          124         17        10         68           5           6        50           5          7         39         11
  0800-0815           15          122         10          8        76           6           4        53           7          5         37         10
  0815-0830           16          137         12          8        80           5           4        63           4          3         32         11
  0830-0845           19          127         10        10         71           3           6        47           5          5         41          9
  0845-0900           18          128         10          8        79           4         10         67           3         10         49         11
  0900-0915           13          144          8          6        84           3         12         61           2          6         56         11
  0915-0930           14          134         10          6        80           4           6        54           6         10         51         12
  0930-0945           15          129         14          7        77           5           9        54           3          9         53         12
  0945-1000           14          126         15          5        75           5           6        52           5          6         51         17


   1 HOUR        1            2          3          4          5           6          7          8          9          10         11         12
   TOTALS       SBRT        SBTH        SBLT       WBRT       WBTH       WBLT        NBRT       NBTH       NBLT       EBRT       EBTH       EBLT       TOTALS


  0700-0800           74          374         43        28         194         17         13         193        13          18     110            27     1104
  0715-0815           78          418         49        33         235         20         16         200        18          21     122            33     1243
  0730-0830           77          475         53        35         273         21         17         206        19          21     133            39     1369
  0745-0845           70          510         49        36         295         19         20         213        21          20     149            41     1443
  0800-0900           68          514         42        34         306         18         24         230        19          23     159            41     1478
  0815-0915           66          536         40        32         314         15         32         238        14          24     178            42     1531
  0830-0930           64          533         38        30         314         14         34         229        16          31     197            43     1543
  0845-0945           60          535         42        27         320         16         37         236        14          35     209            46     1577
  0900-1000           56          533         47        24         316         17         33         221        16          31     211            52     1557

   A.M. PEAK HOUR                                                  60          535        42
      0845-0945


                                         46                                                                            27

                                        209                                                                           320
        FOUNTAIN AVENUE
                                         35                                                                            16




                                                                   14          236        37


                                                                         GOWER STREET

   THE TRAFFIC SOLUTION
   329 DIAMOND STREET
   ARCADIA, CALIFORNIA 91006
   626.446.7978
INTERSECTION TURNING MOVEMENT COUNT SUMMARY

CLIENT:                    CRAIN & ASSOCIATES
PROJECT:                   HOLLYWOOD
DATE:                      THURSDAY, APRIL 01, 2010
PERIOD:                    03:00 PM TO 06:00 PM
INTERSECTION:   N/S        GOWER STREET
                E/W        FOUNTAIN AVENUE
FILE NUMBER:                2-PM


  15 MINUTE      1            2          3          4          5           6          7          8          9          10         11         12
   TOTALS       SBRT        SBTH        SBLT       WBRT       WBTH       WBLT        NBRT       NBTH       NBLT       EBRT       EBTH       EBLT


  0300-0315           10          96          10        11         67           6           7        124          8          8         72         16
  0315-0330           15          97          16          9        64           6           6        103          9          9     105            18
  0330-0345           16          107         16          7        69           5         11         132          8          6     114            19
  0345-0400           21          106         18          9        78           5           7        109          6          4         85         15
  0400-0415           18          104         21        10         72           4           6        119          5          5     108            20
  0415-0430           17          101         18          7        69           8           8        117          7          7     106            20
  0430-0445           20          104         15          8        73           6           6        152          9          7     107            22
  0445-0500           18          106         18          8        80           8           6        123          7         12         88         18
  0500-0515           22          96          20        10         79           5           9        150          8          6     112            24
  0515-0530           20          104         20        10         81           7         10         185        13           8     107            15
  0530-0545           23          111         22        12         88           5           6        173          9         11     113            13
  0545-0600           25          115         21        12         84           8           8        148          6          7     103            13


   1 HOUR        1            2          3          4          5           6          7          8          9          10         11         12
   TOTALS       SBRT        SBTH        SBLT       WBRT       WBTH       WBLT        NBRT       NBTH       NBLT       EBRT       EBTH       EBLT       TOTALS


  0300-0400           62          406         60        36         278         22         31         468        31          27     376            68     1865
  0315-0415           70          414         71        35         283         20         30         463        28          24     412            72     1922
  0330-0430           72          418         73        33         288         22         32         477        26          22     413            74     1950
  0345-0445           76          415         72        34         292         23         27         497        27          23     406            77     1969
  0400-0500           73          415         72        33         294         26         26         511        28          31     409            80     1998
  0415-0515           77          407         71        33         301         27         29         542        31          32     413            84     2047
  0430-0530           80          410         73        36         313         26         31         610        37          33     414            79     2142
  0445-0545           83          417         80        40         328         25         31         631        37          37     420            70     2199
  0500-0600           90          426         83        44         332         25         33         656        36          32     435            65     2257

   P.M. PEAK HOUR                                                  90          426        83
      0500-0600


                                         65                                                                            44

                                        435                                                                           332
        FOUNTAIN AVENUE
                                         32                                                                            25




                                                                   36          656        33


                                                                         GOWER STREET

   THE TRAFFIC SOLUTION
   329 DIAMOND STREET
   ARCADIA, CALIFORNIA 91006
   626.446.7978
