INTERSECTION TURNING MOVEMENT COUNT SUMMARY

CLIENT:                    CRAIN & ASSOCIATES
PROJECT:                   HOLLYWOOD
DATE:                      TUESDAY, APRIL 06, 2010
PERIOD:                    07:00 AM TO 10:00 AM
INTERSECTION:   N/S        WESTERN AVENUE
                E/W        FOUNTAIN AVENUE
FILE NUMBER:                7-AM


  15 MINUTE      1            2          3          4          5            6          7          8          9          10         11         12
   TOTALS       SBRT        SBTH        SBLT       WBRT       WBTH        WBLT        NBRT       NBTH       NBLT       EBRT       EBTH       EBLT


  0700-0715           11          150          6          2        70           43         19         126        10          40         30          5
  0715-0730           18          166         11          5        89           45         18         127        19          47         59          9
  0730-0745           18          156         17          7        99           37         15         167        23          62         79         10
  0745-0800           18          176         21          7        118          52         20         146        20          64         77         10
  0800-0815           17          213         20        11         111          53         25         170        21          57         84         13
  0815-0830           15          211         17          7        82           35         37         147        18          42         61          8
  0830-0845           19          218         20          8        89           43         20         167        14          52         67          8
  0845-0900           12          195         22          6        84           44         31         174        10          46         59          7
  0900-0915           18          196         20          5        57           30         20         140          7         32         51         11
  0915-0930           23          190         14          8        51           34         28         142        10          45         50          9
  0930-0945           18          172         18        12         42           27         22         161          8         38         51         12
  0945-1000           17          177         13        12         46           32         19         163          7         28         57         10


   1 HOUR        1            2          3          4          5            6          7          8          9          10         11         12
   TOTALS       SBRT        SBTH        SBLT       WBRT       WBTH        WBLT        NBRT       NBTH       NBLT       EBRT       EBTH       EBLT       TOTALS


  0700-0800           65          648         55        21         376          177        72         566        72      213        245            34     2544
  0715-0815           71          711         69        30         417          187        78         610        83      230        299            42     2827
  0730-0830           68          756         75        32         410          177        97         630        82      225        301            41     2894
  0745-0845           69          818         78        33         400          183        102        630        73      215        289            39     2929
  0800-0900           63          837         79        32         366          175        113        658        63      197        271            36     2890
  0815-0915           64          820         79        26         312          152        108        628        49      172        238            34     2682
  0830-0930           72          799         76        27         281          151        99         623        41      175        227            35     2606
  0845-0945           71          753         74        31         234          135        101        617        35      161        211            39     2462
  0900-1000           76          735         65        37         196          123        89         606        32      143        209            42     2353

   A.M. PEAK HOUR                                                  69           818        78
      0745-0845


                                         39                                                                             33

                                        289                                                                            400
        FOUNTAIN AVENUE
                                        215                                                                            183




                                                                   73           630        102


                                                                         WESTERN AVENUE

   THE TRAFFIC SOLUTION
   329 DIAMOND STREET
   ARCADIA, CALIFORNIA 91006
   626.446.7978
INTERSECTION TURNING MOVEMENT COUNT SUMMARY

CLIENT:                    CRAIN & ASSOCIATES
PROJECT:                   HOLLYWOOD
DATE:                      TUESDAY, APRIL 06, 2010
PERIOD:                    03:00 PM TO 06:00 PM
INTERSECTION:   N/S        WESTERN AVENUE
                E/W        FOUNTAIN AVENUE
FILE NUMBER:                7-PM


  15 MINUTE      1            2          3          4          5            6          7          8          9          10         11         12
   TOTALS       SBRT        SBTH        SBLT       WBRT       WBTH        WBLT        NBRT       NBTH       NBLT       EBRT       EBTH       EBLT


  0300-0315           18          177         24        13         42           36         26         160        14          45         88         19
  0315-0330           13          188         21        13         59           31         29         163        11          52         95         17
  0330-0345           11          166         25        14         70           52         27         166        13          40         99         13
  0345-0400           10          191         27          9        95           47         27         179          9         41         80         16
  0400-0415           16          182         24        14         82           46         21         205        10          59         87         19
  0415-0430           13          199         26        13         90           44         20         208        10          65     112            19
  0430-0445           19          198         20        11         93           51         23         178        16          57     106            17
  0445-0500           22          174         24        10         78           48         27         168        12          40     106            18
  0500-0515           22          170         23          8        86           34         29         188        11          54     120            22
  0515-0530           24          200         27        12         117          43         25         190        17          56     121            22
  0530-0545           27          184         23        14         91           37         24         186        10          62     124            25
  0545-0600           30          190         20        13         105          30         25         153          7         47     120            24


   1 HOUR        1            2          3          4          5            6          7          8          9          10         11         12
   TOTALS       SBRT        SBTH        SBLT       WBRT       WBTH        WBLT        NBRT       NBTH       NBLT       EBRT       EBTH       EBLT       TOTALS


  0300-0400           52          722         97        49         266          166        109        668        47      178        362            65     2781
  0315-0415           50          727         97        50         306          176        104        713        43      192        361            65     2884
  0330-0430           50          738        102        50         337          189        95         758        42      205        378            67     3011
  0345-0445           58          770         97        47         360          188        91         770        45      222        385            71     3104
  0400-0500           70          753         94        48         343          189        91         759        48      221        411            73     3100
  0415-0515           76          741         93        42         347          177        99         742        49      216        444            76     3102
  0430-0530           87          742         94        41         374          176        104        724        56      207        453            79     3137
  0445-0545           95          728         97        44         372          162        105        732        50      212        471            87     3155
  0500-0600          103          744         93        47         399          144        103        717        45      219        485            93     3192

   P.M. PEAK HOUR                                                  103          744        93
      0500-0600


                                         93                                                                             47

                                        485                                                                            399
        FOUNTAIN AVENUE
                                        219                                                                            144




                                                                   45           717        103


                                                                         WESTERN AVENUE

   THE TRAFFIC SOLUTION
   329 DIAMOND STREET
   ARCADIA, CALIFORNIA 91006
   626.446.7978
