                                                                                             Accutek Traffic Data
                                                                                              21114 Trigger Lane
                                                                                            Diamond Bar, CA 91765
                                                                                                (909) 595-6199                                                                        File Name                 : 376403
                                                                                                                                                                                      Site Code                 : 00376403
                                                                                                                                                                                      Start Date                : 2/21/2013
                                                                                                                                                                                      Page No                   :1


                                                                                             Groups Printed- TMC
                           VERMONT AVE.                                FRANKLIN AVE.                           VERMONT AVE.                                FRANKLIN AVE.
                            Southbound                                   Westbound                               Northbound                                  Eastbound
 Start Time     Right   Thru Left Peds Bikes   App. Total   Right   Thru Left Peds Bikes   App. Total Right Thru Left Peds Bikes   App. Total   Right   Thru Left Peds Bikes   App. Total   Exclu. Total   Inclu. Total   Int. Total
  07:00 AM       27     130    3    3     0       160          2     78   11 12       0          91      7   58   10    3     0        75        20      31   28    3     0        79           21          405             426
  07:15 AM       39     181    3    5     1       223          3    106   16 12       0       125       22   63   12    9     1        97        25      63   28    2     2       116           32          561             593
  07:30 AM       30     147    2    1     0       179          4    114   22    6     0       140       20   96     9   5     0       125        31     105   42    8     1       178           21          622             643
  07:45 AM       38     157    5 10       0       200          5    155   32 13       1       192       16   98   13    9     1       127        32     126   44 12       0       202           46          721             767
       Total    134     615   13 19       1       762         14    453   81 43       1       548       65 315    44 26       2       424       108     325 142 25        3       575          120         2309            2429

  08:00 AM       42     150     3    7     0      195          4    142    21   14    0      167    11   103     20    13     1       134        33      91    37    7    0       161           42          657             699
  08:15 AM       43     164     1    7     1      208          9    128    29   10    0      166     5    93     13     6     0       111        25      95    34    7    0       154           31          639             670
  08:30 AM       29     176     4    5     4      209          3    131    20    8    1      154     9    75      9    11     1        93        27     101    36   11    0       164           41          620             661
  08:45 AM       37     151     8    2     1      196          2    134    14    6    4      150    15   119     20     9     2       154        41      85    32    5    4       158           33          658             691
      Total     151     641    16   21     6      808         18    535    84   38    5      637    40   390     62    39     4       492       126     372   139   30    4       637          147         2574            2721

  09:00 AM        28    150     7    5     2      185          4    134    18   13    1      156    11    86     19    12     0       116        27      77    31    6    0       135           39          592             631
  09:15 AM        32    151     4    5     2      187          0    113    17   10    0      130    12   108      8    13     0       128        32      86    33   11    1       151           42          596             638
  09:30 AM        17    113     9    6     0      139          3    107    19    6    0      129    18    85     19    11     1       122        42      85    34   11    1       161           36          551             587
  09:45 AM        21    125     1    6     0      147          6    110    24   21    1      140    10    88      9    13     1       107        33      80    23    7    1       136           50          530             580
      Total       98    539    21   22     4      658         13    464    78   50    2      555    51   367     55    49     2       473       134     328   121   35    3       583          167         2269            2436

*** BREAK ***

  03:00 PM       30     138     7    8     1      175          1    100    20   12    0      121    21   118     18    15     1       157        28     137    47   19    0       212           56          665             721
  03:15 PM       26     130     5   11     2      161          4    105    19   24    2      128    20   150     31    15     1       201        31     133    38   17    0       202           72          692             764
  03:30 PM       29     128     6    7     1      163          4    112    21   27    3      137    19   139     22    24     0       180        40     129    40   14    2       209           78          689             767
  03:45 PM       30     117     4   16     1      151          1     84    22   29    2      107    20   152     13    27     1       185        32     129    26    7    1       187           84          630             714
      Total     115     513    22   42     5      650         10    401    82   92    7      493    80   559     84    81     3       723       131     528   151   57    3       810          290         2676            2966

  04:00 PM       31     131     4    4     1      166          2    103    23   14    3      128    19   144    30     19     1       193        43     129    37   10    1       209           53          696             749
  04:15 PM       27     111     3    4     3      141          6     98    20   17    0      124    19   158    25     21     1       202        29     128    35    7    2       192           55          659             714
  04:30 PM       20     108     4    5     0      132          3     79    20    9    0      102    26   157    17     21     1       200        30     142    35    3    0       207           39          641             680
  04:45 PM       33     126     9   10     0      168          3     99    19   22    0      121    19   178    28     18     1       225        31     128    30   14    1       189           66          703             769
      Total     111     476    20   23     4      607         14    379    82   62    3      475    83   637   100     79     4       820       133     527   137   34    4       797          213         2699            2912

  05:00 PM        24    133     4    6     0      161          7    103    16   15    1      126    24   154     34    17     0       212         44    127    34   10    1       205             50          704            754
  05:15 PM        28    127     6   11     1      161          6    139    20   28    3      165    24   160     21    18     1       205         42    137    29   13    0       208             75          739            814
  05:30 PM        19    125     2   20     0      146          4    101    16   29    1      121    30   150     29    15     1       209         46    145    37   14    2       228             82          704            786
  05:45 PM        33    146     4   16     0      183          3    112    22   32    1      137    21   160     30    18     2       211         25    161    43   12    0       229             81          760            841
      Total     104     531    16   53     1      651         20    455    74         6      549    99   624   114     68     4       837       157     570   143   49    3       870          288         2907            3195
                                                                                104

 Grand Total    713 3315      108         21    4136          89 2687     481         24   3257    418 2892    459          19      3769        789 2650      833         20    4272         1225 15434 16659
                                    180                                         389                                   342                                           230
  Apprch % 17.2 80.1          2.6                            2.7 82.5 14.8                         11.1 76.7 12.2                               18.5     62 19.5
                                VERMONT AVE.                            FRANKLIN AVE.                      VERMONT AVE.                       FRANKLIN AVE.
                                  Southbound                              Westbound                         Northbound                          Eastbound
       Start Time       Right     Thru        Left App. Total   Right    Thru    Left App. Total   Right    Thru    Left App. Total   Right    Thru     Left App. Total   Int. Total
Peak Hour Analysis From 07:00 AM to 09:45 AM - Peak 1 of 1
Peak Hour for Entire Intersection Begins at 07:30 AM
        07:30 AM           30       147          2        179      4      114      22       140      20       96       9       125      31      105       42       178         622
        07:45 AM           38       157          5        200      5      155      32        192     16       98      13       127      32      126       44        202         721
        08:00 AM           42       150          3        195      4       142      21      167      11      103      20        134     33        91      37       161         657
        08:15 AM           43       164          1        208      9       128      29      166       5       93       13      111      25        95      34       154         639
     Total Volume         153       618         11        782     22       539     104      665      52      390       55      497     121       417     157       695        2639
     % App. Total        19.6        79        1.4               3.3      81.1    15.6             10.5     78.5     11.1             17.4        60    22.6
              PHF        .890      .942      .550        .940   .611      .869    .813      .866   .650     .947     .688      .927   .917      .827    .892       .860        .915

Peak Hour Analysis From 03:00 PM to 05:45 PM - Peak 1 of 1
Peak Hour for Entire Intersection Begins at 05:00 PM
        05:00 PM           24       133         4     161          7      103      16       126      24      154      34        212     44      127       34       205         704
        05:15 PM           28       127         6     161          6      139      20        165     24      160       21      205      42      137       29       208         739
        05:30 PM           19       125         2     146          4       101     16       121      30      150       29      209      46      145       37       228         704
        05:45 PM           33       146         4     183          3       112     22       137      21      160       30      211      25      161       43        229         760
     Total Volume         104       531        16     651         20       455      74      549      99      624      114      837     157       570     143       870        2907
     % App. Total          16      81.6       2.5                3.6      82.9    13.5             11.8     74.6     13.6               18      65.5    16.4
              PHF        .788      .909      .667    .889       .714      .818    .841      .832   .825     .975     .838      .987   .853      .885    .831       .950        .956
