WILTEC                                                                                                      Phone: (626) 564-1944          Fax: (626) 564-0969
INTERSECTION CAR/PED/BIKE TRAFFIC COUNT RESULTS SUMMARY

CLIENT:                                   INTUEOR
PROJECT:                                  DOWNTOWN LOS ANGELES TRAFFIC COUNTS
DATE:                                     THURSDAY NOVEMBER 15,2012
PERIOD"                                   7:00 AM TO 10:00 AM
INTERSECTION:                N/S          HILL STREET
                             E/W          1ST STREET
CITY:                                     LOS ANGELES

VEHICLE COUNTS
15 MIN COUNTS          1           2            3            4         5      6        7            8        9           10         11          12
PERIOD             SBRT        SBTH          SBLT        WBRT      WBTH    WBLT     NBRT         NBTH     NBLT        EBRT       EBTH         EBLT      TOTAL
700-715               20         198           15            7       191      4        7           29        7           16         80           8        582
715-730               35         231           12           11       190     13        3           35        7           14         97          20        668
730-745               40         260            9           17       203     14        8           55        8           10        109          19        752
745-800               36         279            9           14       224     12        6           39        7           22        119          12        779
800-815               34         276           11           21       200     15        6           60       11           19        144          17        814
815-830               30         239           15           21       193     15        6           48       15           21        142          16        761
830-845               33         231           22           24       186     14        6           50       15           35        145          15        776
845-900               29         241           14           26       202     28        8           34        7           17        145           7        758
900-915               45         277           24           29       173     19       10           57       11           26        141          14        826
915-930               52         211           31           19       154     13       10           37       12           24        103          26        692
930-945               42         215           23            6       131     12        8           41       12           22        128          16        656
945-1000              38         181           28           15       159     16        6           25        7           19         94          12        600
HOUR TOTALS            1           2            3            4         5      6        7            8        9           10         11          12
PERIOD             SBRT        SBTH          SBLT        WBRT      WBTH    WBLT     NBRT         NBTH     NBLT        EBRT       EBTH         EBLT      TOTAL
700-800              131         968           45           49       808     43       24          158       29           62        405          59        2781
715-815              145        1046           41           63       817     54       23          189       33           65        469          68        3013
730-830              140        1054           44           73       820     56       26          202       41           72        514          64        3106
745-845              133        1025           57           80       803     56       24          197       48           97        550          60        3130
800-900              126         987           62           92       781     72       26          192       48           92        576          55        3109
815-915              137         988           75          100       754     76       30          189       48           99        573          52        3121
830-930              159         960           91           98       715     74       34          178       45          102        534          62        3052
845-945              168         944           92           80       660     72       36          169       42           89        517          63        2932
900-1000             177         884          106           69       617     60       34          160       42           91        466          68        2774

 AM PEAK HOUR:     745-845
                                                                                           80

                                            133         1025       57                      803

                                                                                           56



                                                  60

1ST STREET                                    550                          48       197          24

                                                  97                              HILL STREET



PEDESTRIAN COUNTS                                                                 BICYCLE COUNTS
15 MIN COUNTS    NORTH       EAST         SOUTH        WEST      TOTAL            15 MIN COUNTS         NORTH       EAST       SOUTH       WEST        TOTAL
PERIOD           LEG         LEG          LEG          LEG                        PERIOD                LEG         LEG        LEG         LEG
700-715               32            14         35           56     137            700-715                       2          1           1           2            6
715-730               33            20         53           87     193            715-730                       0          1           2           1            4
730-745               42            18         43          103     206            730-745                       1          2           0           0            3
745-800               29            14         46          118     207            745-800                       3          0           0           0            3
800-815               39            24         37          151     251            800-815                       0          1           0           1            2
815-830               69            32         58          170     329            815-830                       2          3           1           1            7
830-845               50            15         47          130     242            830-845                       0          0           0           1            1
854-900               60            25         62          147     294            845-900                       4          2           0           2            8
900-915               53            28         57          126     264            900-915                       1          1           1           0            3
915-930               58            23         45          113     239            915-930                       2          1           2           6           11
930-945               64            28         65          118     275            930-945                       1          1           0           4            6
945-1000              56            31         65          101     253            945-1000                      0          0           0           3            3
HOUR TOTALS      NORTH       EAST         SOUTH        WEST    TOTAL              HOUR TOTALS           NORTH       EAST       SOUTH       WEST        TOTAL
PERIOD           LEG         LEG          LEG          LEG                        PERIOD                LEG         LEG        LEG         LEG
700-800              136             66       177          364     743            700-800                       6          4           3           3           16
715-815              143             76       179          459     857            715-815                       4          4           2           2           12
730-830              179             88       184          542     993            730-830                       6          6           1           2           15
745-845              187             85       188          569    1029            745-845                       5          4           1           3           13
800-900              218             96       204          598    1116            800-900                       6          6           1           5           18
815-915              232            100       224          573    1129            815-915                       7          6           2           4           19
830-930              221             91       211          516    1039            830-930                       7          4           3           9           23
845-945              235            104       229          504    1072            845-945                       8          5           3          12           28
900-1000             231            110       232          458    1031            900-1000                      4          3           3          13           23
WILTEC                                                                                                     Phone: (925) 706-9911           Fax: (925) 706-9914
INTERSECTION CAR/PED/BIKE TRAFFIC COUNT RESULTS SUMMARY

CLIENT:                                   INTUEOR
PROJECT:                                  DOWNTOWN LOS ANGELES TRAFFIC COUNTS
DATE:                                     THURSDAY NOVEMBER 15,2012
PERIOD"                                   3:00 PM TO 6:00 PM
INTERSECTION:                N/S          HILL STREET
                             E/W          1ST STREET
CITY:                                     LOS ANGELES

VEHICLE COUNTS
15 MIN COUNTS          1           2            3           4         5      6        7            8        9          10           11          12
PERIOD             SBRT        SBTH          SBLT        WBRT     WBTH    WBLT     NBRT         NBTH     NBLT        EBRT        EBTH         EBLT      TOTAL
300-315               31         152           10           8       127     15        8           67       13           8          153          39        631
315-330               35         175           10          14       120      5       13           85       11          16          153          43        680
330-345               24         192           16          13       116     11        9           80       10          13          164          48        696
345-400               26         184           18          16       129      6       13          107        8           9          211          57        784
400-415               38         224           21           8       154      8       11          111       10          11          215          52        863
415-430               33         197           19          11       134     10       10           83       11           9          197          56        770
430-445               44         211           31          22       153      7       17           99       17           8          231          62        902
445-500               31         195           21          15       167     14       11          111       13           7          220          54        859
500-515               49         224           24          17       101      9       11          135       20           7          248          51        896
515-530               29         197           24          19       143      6       13          147       23           6          224          60        891
530-545               35         190           20          11       178      4        8          113       16           4          222          57        858
545-600               28         160           15          13       178     13       10          156       20          13          240          66        912
HOUR TOTALS            1           2            3           4         5      6        7            8        9          10           11          12
PERIOD             SBRT        SBTH          SBLT        WBRT     WBTH    WBLT     NBRT         NBTH     NBLT        EBRT        EBTH         EBLT      TOTAL
300-400              116         703           54          51       492     37       43          339       42          46          681         187        2791
315-415              123         775           65          51       519     30       46          383       39          49          743         200        3023
330-430              121         797           74          48       533     35       43          381       39          42          787         213        3113
345-445              141         816           89          57       570     31       51          400       46          37          854         227        3319
400-500              146         827           92          56       608     39       49          404       51          35          863         224        3394
415-515              157         827           95          65       555     40       49          428       61          31          896         223        3427
430-530              153         827          100          73       564     36       52          492       73          28          923         227        3548
445-545              144         806           89          62       589     33       43          506       72          24          914         222        3504
500-600              141         771           83          60       600     32       42          551       79          30          934         234        3557

 PM PEAK HOUR:     500-600
                                                                                          60

                                            141          771      83                      600

                                                                                          32



                                              234

1ST STREET                                    934                         79       551          42

                                                  30                             HILL STREET



PEDESTRIAN COUNTS                                                                BICYCLE COUNTS
15 MIN COUNTS    NORTH       EAST         SOUTH        WEST     TOTAL            15 MIN COUNTS         NORTH       EAST        SOUTH       WEST        TOTAL
PERIOD           LEG         LEG          LEG          LEG                       PERIOD                LEG         LEG         LEG         LEG
300-315               61            26         47           93     227           300-315                       1          1            6           3           11
315-330               54            26         86          125     291           315-330                       1          2            0          10           13
330-345               57            34         96          148     335           330-345                       1          3            0           4            8
345-400               75            37        101          168     381           345-400                       1          1            0           4            6
400-415               73            39        117          167     396           400-415                       3          3            2           9           17
415-430               60            23         58          104     245           415-430                       3          2            0           6           11
430-445               54            21         90          153     318           430-445                       1          1            0           6            8
445-500               52            16         37          108     213           445-500                       1          4            2           3           10
500-515               47            10         34          121     212           500-515                       0          2            1           1            4
515-530               22            17         33           68     140           515-530                       2          0            1           0            3
530-545               25            12         31           47     115           530-545                       0          1            0           2            3
545-600               12            19         42           56     129           545-600                       0          0            0           0            0
HOUR TOTALS      NORTH       EAST         SOUTH        WEST    TOTAL             HOUR TOTALS           NORTH       EAST        SOUTH       WEST        TOTAL
PERIOD           LEG         LEG          LEG          LEG                       PERIOD                LEG         LEG         LEG         LEG
300-400              247            123       330          534    1234           300-400                       4           7           6          21           38
315-415              259            136       400          608    1403           315-415                       6           9           2          27           44
330-430              265            133       372          587    1357           330-430                       8           9           2          23           42
345-445              262            120       366          592    1340           345-445                       8           7           2          25           42
400-500              239             99       302          532    1172           400-500                       8          10           4          24           46
415-515              213             70       219          486     988           415-515                       5           9           3          16           33
430-530              175             64       194          450     883           430-530                       4           7           4          10           25
445-545              146             55       135          344     680           445-545                       3           7           4           6           20
500-600              106             58       140          292     596           500-600                       2           3           2           3           10
