INTERSECTION TURNING MOVEMENT COUNT SUMMARY

CLIENT:                    CRAIN & ASSOCIATES
PROJECT:                   HOLLYWOOD
DATE:                      TUESDAY, APRIL 06, 2010
PERIOD:                    07:00 AM TO 10:00 AM
INTERSECTION:   N/S        WESTERN AVENUE
                E/W        HOLLYWOOD BOULEVARD
FILE NUMBER:                5-AM


  15 MINUTE      1            2          3          4          5            6          7          8          9          10         11         12
   TOTALS       SBRT        SBTH        SBLT       WBRT       WBTH        WBLT        NBRT       NBTH       NBLT       EBRT       EBTH       EBLT


  0700-0715           48          149          8          3        140          17           7        95         15           6         92         23
  0715-0730           36          154          6          5        165          23         13         116        18          14     105            22
  0730-0745           58          198         11          9        205          32         14         113        24          13     136            21
  0745-0800           34          188          8        10         215          32         21         118        39          19     161            30
  0800-0815           43          239         10          7        231          25         20         127        35          15     169            28
  0815-0830           58          232         17          9        227          31         21         111        32          22     163            20
  0830-0845           68          271         14        12         283          44         24         136        29          22     157            21
  0845-0900           46          228         10        16         233          35         26         123        28          21     144            21
  0900-0915           57          193         16        12         228          31         27         120        21          20     156            30
  0915-0930           58          223         11        18         239          37         25         122        22          20     154            25
  0930-0945           34          170         19        13         201          37         31         137        31          18     149            25
  0945-1000           36          177         18        19         227          38         26         139        25          21     149            26


   1 HOUR        1            2          3          4          5            6          7          8          9          10         11         12
   TOTALS       SBRT        SBTH        SBLT       WBRT       WBTH        WBLT        NBRT       NBTH       NBLT       EBRT       EBTH       EBLT       TOTALS


  0700-0800          176          689         33        27         725          104        55         442        96          52     494            96     2989
  0715-0815          171          779         35        31         816          112        68         474        116         61     571        101        3335
  0730-0830          193          857         46        35         878          120        76         469        130         69     629            99     3601
  0745-0845          203          930         49        38         956          132        86         492        135         78     650            99     3848
  0800-0900          215          970         51        44         974          135        91         497        124         80     633            90     3904
  0815-0915          229          924         57        49         971          141        98         490        110         85     620            92     3866
  0830-0930          229          915         51        58         983          147        102        501        100         83     611            97     3877
  0845-0945          195          814         56        59         901          140        109        502        102         79     603        101        3661
  0900-1000          185          763         64        62         895          143        109        518        99          79     608        106        3631

   A.M. PEAK HOUR                                                  215          970        51
      0800-0900


                                         90                                                                             44

                                        633                                                                            974
   HOLLYWOOD BOULEVARD
                                         80                                                                            135




                                                                   124          497        91


                                                                         WESTERN AVENUE

   THE TRAFFIC SOLUTION
   329 DIAMOND STREET
   ARCADIA, CALIFORNIA 91006
   626.446.7978
INTERSECTION TURNING MOVEMENT COUNT SUMMARY

CLIENT:                    CRAIN & ASSOCIATES
PROJECT:                   HOLLYWOOD
DATE:                      TUESDAY, APRIL 06, 2010
PERIOD:                    03:00 PM TO 06:00 PM
INTERSECTION:   N/S        WESTERN AVENUE
                E/W        HOLLYWOOD BOULEVARD
FILE NUMBER:                5-PM


  15 MINUTE      1            2          3          4         5            6          7          8          9          10         11      12
   TOTALS       SBRT        SBTH        SBLT       WBRT      WBTH        WBLT        NBRT       NBTH       NBLT       EBRT       EBTH    EBLT


  0300-0315           39          198         22        28        242          41         27         157        28          15     169         37
  0315-0330           40          173         24        21        187          31         26         154        39          20     168         36
  0330-0345           43          199         27        22        229          44         31         163        32          25     173         33
  0345-0400           38          148         26        16        220          30         33         159        29          29     185         41
  0400-0415           41          170         31        18        222          40         32         173        37          36     207         46
  0415-0430           44          175         24        23        187          43         30         208        31          27     199         38
  0430-0445           53          189         27        17        213          34         34         195        34          25     220         42
  0445-0500           34          152         32        15        181          24         24         184        41          32     226         36
  0500-0515           39          197         36        20        235          33         31         191        37          37     233         41
  0515-0530           34          194         22        24        230          45         36         223        44          41     242         45
  0530-0545           58          180         17        21        191          42         37         199        45          36     254         47
  0545-0600           34          174         25        16        192          40         33         219        46          37     248         43


   1 HOUR        1            2          3          4         5            6          7          8          9          10         11      12
   TOTALS       SBRT        SBTH        SBLT       WBRT      WBTH        WBLT        NBRT       NBTH       NBLT       EBRT       EBTH    EBLT       TOTALS


  0300-0400          160          718         99        87        878          146        117        633        128         89     695     147        3897
  0315-0415          162          690        108        77        858          145        122        649        137     110        733     156        3947
  0330-0430          166          692        108        79        858          157        126        703        129     117        764     158        4057
  0345-0445          176          682        108        74        842          147        129        735        131     117        811     167        4119
  0400-0500          172          686        114        73        803          141        120        760        143     120        852     162        4146
  0415-0515          170          713        119        75        816          134        119        778        143     121        878     157        4223
  0430-0530          160          732        117        76        859          136        125        793        156     135        921     164        4374
  0445-0545          165          723        107        80        837          144        128        797        167     146        955     169        4418
  0500-0600          165          745        100        81        848          160        137        832        172     151        977     176        4544

   P.M. PEAK HOUR                                                 165          745        100
      0500-0600


                                        176                                                                            81

                                        977                                                                           848
   HOLLYWOOD BOULEVARD
                                        151                                                                           160




                                                                  172          832        137


                                                                        WESTERN AVENUE

   THE TRAFFIC SOLUTION
   329 DIAMOND STREET
   ARCADIA, CALIFORNIA 91006
   626.446.7978
