                                                                                             Accutek Traffic Data
                                                                                              21114 Trigger Lane
                                                                                            Diamond Bar, CA 91765
                                                                                                (909) 595-6199                                                                        File Name                 : 376401
                                                                                                                                                                                      Site Code                 : 00376401
                                                                                                                                                                                      Start Date                : 2/21/2013
                                                                                                                                                                                      Page No                   :1


                                                                                             Groups Printed- TMC
                          NORMANDIE AVE.                             HOLLYWOOD BLVD.                          NORMANDIE AVE.                             HOLLYWOOD BLVD.
                            Southbound                                   Westbound                               Northbound                                  Eastbound
 Start Time     Right   Thru Left Peds Bikes   App. Total   Right   Thru Left Peds Bikes   App. Total Right Thru Left Peds Bikes   App. Total   Right   Thru Left Peds Bikes   App. Total   Exclu. Total   Inclu. Total   Int. Total
  07:00 AM         3     16    9    3     1        28          1     89    7    2     0          97     12   17   10    8     1        39         13    123    3    5     0       139           20          303             323
  07:15 AM         7     32   12    1     0        51          0     93    4    6     0          97     12   18   11 15       0        41         15    132    0 18       0       147           40          336             376
  07:30 AM         4     33   12    4     1        49          1    127   11 10       1       139       23   21   12    7     0        56          9    157    2    6     1       168           30          412             442
  07:45 AM        10     38   22    6     0        70          5    150   15    8     0       170       29   22   17    0     0        68         18    188    7 12       0       213           26          521             547
       Total      24    119   55 14       2       198          7    459   37 26       1       503       76   78   50 30       1       204         55    600   12 41       1       667          116         1572            1688

  08:00 AM         8     32    22    7     0       62          8    179   14    18    0      201    22    16     12     4     1        50         13    192    3    19    1       208           50          521             571
  08:15 AM         2     43    24    2     1       69          2    182   12    11    0      196    10    20     17    14     2        47          7    151    8    10    1       166           41          478             519
  08:30 AM         5     37    12   12     1       54          6    178   17     3    0      201    20    13     16     7     0        49         19    162    7    11    1       188           35          492             527
  08:45 AM         9     38    12   10     1       59          4    165   16     4    0      185    11    23     10    16     1        44          8    125    6    16    1       139           49          427             476
      Total       24    150    70   31     3      244         20    704   59    36    0      783    63    72     55    41     4       190         47    630   24    56    4       701          175         1918            2093

  09:00 AM         6     33     8    6     1       47          4    170   12     4    0      186    10    22     10    14     1        42         10    124    6    10    1       140           37          415             452
  09:15 AM         7     29     9    6     1       45          4    177   19     8    1      200    17    16     15     5     0        48          9    104    7    11    2       120           34          413             447
  09:30 AM         4     27     5    9     0       36          7    133    8     4    1      148     9    16      9     8     1        34         10    122    1    12    1       133           36          351             387
  09:45 AM         7     31     1    3     0       39          3    174   10    10    0      187    18    13      6    11     0        37         21    130    5     7    0       156           31          419             450
      Total       24    120    23   24     2      167         18    654   49    26    2      721    54    67     40    38     2       161         50    480   19    40    4       549          138         1598            1736

*** BREAK ***

  03:00 PM         7     27    14    3     2       48          8    242   15    10    0      265    21    28     11     8     1        60         21    216    8    17    0       245           41          618             659
  03:15 PM         7     32    21    2     2       60          6    195   15    14    1      216    27    36     10     7     0        73         20    203   11     9    0       234           35          583             618
  03:30 PM        13     27    11    0     0       51         10    238   18     6    1      266    23    34     26     5     0        83         11    213   15    13    1       239           26          639             665
  03:45 PM         9     32    10    8     2       51          5    196   27    13    1      228    22    28     20     4     1        70         20    183   12    14    1       215           44          564             608
      Total       36    118    56   13     6      210         29    871   75    43    3      975    93   126     67    24     2       286         72    815   46    53    2       933          146         2404            2550

  04:00 PM         9     33    14   15     1       56          9    204   19    15    0      232    18    25     19     7     3        62         15    205   12    23    1       232           65          582             647
  04:15 PM         4     31    11    7     3       46          9    173   17     9    1      199    22    29     23     3     3        74         19    188    7    27    0       214           53          533             586
  04:30 PM         9     22    13    8     2       44          7    142   17    21    1      166    21    35     18     7     2        74         21    159   10    10    0       190           51          474             525
  04:45 PM        10     43    11   21     2       64         26    210   19    11    0      255    30    36     27     1     0        93         20    183   12    23    0       215           58          627             685
      Total       32    129    49   51     8      210         51    729   72    56    2      852    91   125     87    18     8       303         75    735   41    83    1       851          227         2216            2443

  05:00 PM         9     27    25   11     2       61          6    199   19    14    0      224    20    25    22     13     2        67        20     186    9    23    1      215            66          567             633
  05:15 PM         4     30    26    6     0       60         12    190   13     9    0      215    17    45    25     15     1        87        22     185    9    16    0      216            47          578             625
  05:30 PM         6     35    15   10     1       56          6    217   15    12    0      238    19    30    30      5     2        79        25     278   17    18    2      320            50          693             743
  05:45 PM        10     37    24   11     1       71          4    203   13     9    1      220    10    31    24     19     0        65        35     248   12    19    0      295            60          651             711
      Total       29    129    90   38     4      248         28    809   60    44    1      897    66   131   101     52     5       298       102     897   47    76    3     1046           223         2489            2712

 Grand Total    169     765   343         25    1277        153 4226      352         9    4731    443   599   400          22      1442        401 4157      189         15    4747         1025 12197 13222
                                    171                                         231                                   203                                           349
  Apprch % 13.2 59.9 26.9                                    3.2 89.3     7.4                    30.7 41.5 27.7                                  8.4 87.6       4
    Total % 1.4  6.3 2.8                         10.5        1.3 34.6     2.9               38.8  3.6 4.9   3.3                      11.8        3.3 34.1     1.5                38.9            7.8         92.2
                               NORMANDIE AVE.                         HOLLYWOOD BLVD.                   NORMANDIE AVE.                    HOLLYWOOD BLVD.
                                  Southbound                             Westbound                        Northbound                          Eastbound
       Start Time       Right     Thru        Left App. Total   Right    Thru   Left App. Total   Right   Thru    Left App. Total   Right    Thru     Left App. Total   Int. Total
Peak Hour Analysis From 07:00 AM to 09:45 AM - Peak 1 of 1
Peak Hour for Entire Intersection Begins at 07:45 AM
        07:45 AM           10        38        22          70      5     150      15       170      29      22      17         68     18      188        7       213          521
        08:00 AM            8        32        22          62      8     179      14        201     22      16       12       50      13      192        3       208         521
        08:15 AM            2        43        24          69      2     182      12       196      10      20       17       47       7      151        8       166         478
        08:30 AM            5        37        12          54      6     178      17       201      20      13       16       49      19      162        7       188         492
     Total Volume          25       150        80         255     21     689       58      768      81      71       62      214      57      693       25       775        2012
     % App. Total         9.8      58.8      31.4                2.7    89.7      7.6             37.9    33.2       29              7.4     89.4      3.2
              PHF        .625      .872      .833        .911   .656    .946     .853      .955   .698    .807     .912      .787   .750     .902     .781       .910        .965

Peak Hour Analysis From 03:00 PM to 05:45 PM - Peak 1 of 1
Peak Hour for Entire Intersection Begins at 05:00 PM
        05:00 PM            9        27        25      61          6     199      19       224      20      25      22         67     20      186        9       215         567
        05:15 PM            4        30        26      60         12     190       13      215      17      45      25         87     22      185        9       216         578
        05:30 PM            6        35        15      56          6     217       15       238     19      30      30        79      25      278       17       320          693
        05:45 PM           10        37        24      71          4     203       13      220      10      31       24       65      35      248       12       295         651
     Total Volume          29       129        90     248         28     809       60      897      66     131      101      298     102      897       47      1046        2489
     % App. Total        11.7        52      36.3                3.1    90.2      6.7             22.1      44     33.9              9.8     85.8      4.5
              PHF        .725      .872      .865    .873       .583    .932     .789      .942   .825    .728     .842      .856   .729     .807     .691       .817        .898
