                                                                        PreparedbyNDS/ATD

                                                                         VOLUME
                                                                JuneStS/oFountainAve
       Day: Tuesday                                                                                                          City: LosAngeles
      Date: 2/14/2012                                                                                                   Project#: CA12_5062_002

                                                     NB            SB                       EB        WB                                               Total
               DAILYTOTALS                           378           322                       0         0                                                700
AMPeriod      NB           SB           EB           WB             TOTAL         PMPeriod       NB           SB            EB           WB            TOTAL
   00:00      1            0                                       1                12:00        8            8                                       16
   00:15      3            2                                       5                12:15        10           13                                      23
   00:30      1            0                                        1               12:30        3            10                                      13
   00:45      0     5      1     3                                  1       8       12:45         7    28      5    36                                12    64
   01:00      1            1                                        2               13:00         6            4                                      10
   01:15       1           3                                        4               13:15         4            6                                      10
   01:30       0           0                                        0               13:30         2            2                                       4
   01:45       1    3      0     4                                  1       7       13:45         4    16      4    16                                 8    32
   02:00       1           0                                        1               14:00         6            5                                      11
   02:15       1           2                                        3               14:15         2            3                                       5
   02:30       2           1                                        3               14:30         1            4                                       5
   02:45       0    4      0     3                                  0       7       14:45         4    13      9    21                                13    34
   03:00       0           0                                        0               15:00         5            4                                       9
   03:15       0           0                                        0               15:15         9            7                                      16
   03:30       1           1                                        2               15:30         7            0                                       7
   03:45       1    2      1     2                                 2        4       15:45         5    26     6    17                                 11    43
   04:00      0            0                                       0                16:00        3            4                                       7
   04:15      0            0                                       0                16:15        2            4                                       6
   04:30      0            0                                        0               16:30        6            3                                       9
   04:45      1     1      1     1                                  2       2       16:45         3    14      5    16                                 8    30
   05:00      0            1                                        1               17:00         4           3                                        7
   05:15      1            0                                        1               17:15         4           7                                       11
   05:30      0            1                                        1               17:30         5           7                                       12
   05:45      0     1      0     2                                  0       3       17:45         7    20      3    20                                10    40
   06:00       1           2                                        3               18:00         2            4                                       6
   06:15       0           0                                        0               18:15        5            6                                       11
   06:30      1            3                                        4               18:30        9            3                                       12
   06:45      0     2      0     5                                  0       7       18:45         4    20     5    18                                  9    38
   07:00      3            3                                        6               19:00        2            3                                       5
   07:15      5            1                                        6               19:15        8            2                                       10
   07:30      5            4                                        9               19:30        3            5                                       8
   07:45      5    18      5    13                                 10      31       19:45         7    20      4    14                                11    34
   08:00      7            5                                       12               20:00        3            2                                       5
   08:15      2            4                                        6               20:15        6            4                                       10
   08:30      6            4                                       10               20:30        3            2                                       5
   08:45      3    18      1     14                                 4      32       20:45         5    17      3    11                                 8    28
   09:00      11           7                                       18               21:00        3            3                                       6
   09:15      9            2                                       11               21:15        6            3                                       9
   09:30      6            6                                       12               21:30        4            3                                       7
   09:45      5    31      6    21                                 11      52       21:45         4    17      8   17                                 12    34
   10:00      15           9                                       24               22:00        3            9                                       12
   10:15      16           6                                       22               22:15        3            5                                       8
   10:30      9            6                                       15               22:30        6            4                                       10
   10:45      13   53      5    26                                 18      79       22:45         5    17      1    19                                 6    36
   11:00      5            6                                       11               23:00        2            2                                       4
   11:15      6            5                                       11               23:15        3            3                                       6
   11:30      7            3                                       10               23:30        0            1                                       1
   11:45      6    24      3    17                                  9     41        23:45         3    8       0    6                                  3    14
  TOTALS           162          111                                       273      TOTALS             216          211                                     427
  SPLIT%           59.3%        40.7%                                     39.0%    SPLIT%             50.6%        49.4%                                   61.0%
                                                                         DAILY TOTALS
                                                     NB            SB                       EB        WB                                               Total
               DAILYTOTALS                           378           322                       0         0                                                700
AMPeakHour         10:00        11:45                                     10:00 PMPeakHour            12:00        12:00                                   12:00
AMPkVolume          53           34                                        79   PMPkVolume              28           36                                      64
 PkHrFactor        0.828        0.654                                     0.823  PkHrFactor           0.700        0.692                                   0.696
 79Volume           36           27           0             0              63    46Volume              34           36             0              0         70
79PeakHour         07:15        07:30                                     07:45 46PeakHour            17:00        16:45                                   17:00
79PkVolume          22           18            0             0              38 46PkVolume              20           22             0            0            40
 PkHrFactor        0.786        0.900        0.000         0.000          0.792  PkHrFactor           0.714        0.786         0.000        0.000        0.833
