                                                                           PreparedbyNDS/ATD

                                                                             VOLUME
                                                             LasPalmasAveS/oFountainAve
       Day: Tuesday                                                                                                             City: LosAngeles
      Date: 2/14/2012                                                                                                      Project#: CA12_5062_001

                                                      NB              SB                       EB        WB                                                Total
               DAILYTOTALS                           2,235           1,453                      0         0                                                3,688
AMPeriod      NB           SB           EB           WB                TOTAL         PMPeriod       NB           SB            EB           WB            TOTAL
   00:00       6            3                                         9                12:00        43           33                                      76
   00:15      11            9                                         20               12:15        35           31                                      66
   00:30      10            7                                         17               12:30        25           17                                      42
   00:45      10    37      6    25                                   16      62       12:45        31   134     15    96                                 46   230
   01:00       7            4                                         11               13:00        35           21                                       56
   01:15       8            2                                         10               13:15        31           17                                       48
   01:30       2            2                                          4               13:30        36           20                                       56
   01:45       6    23      4    12                                   10      35       13:45        41   143     31    89                                 72   232
   02:00       4            3                                          7               14:00        36           15                                       51
   02:15       6            3                                          9               14:15        40           18                                       58
   02:30       7            3                                         10               14:30        52           23                                       75
   02:45       5    22      3    12                                    8      34       14:45        40   168     24    80                                 64   248
   03:00       5            3                                          8               15:00        44           19                                       63
   03:15       4            1                                          5               15:15        58           27                                       85
   03:30       6            1                                          7               15:30        35           22                                       57
   03:45       4   19       2    7                                     6      26       15:45        32   169     24    92                                 56   261
   04:00      0             2                                         2                16:00        47           28                                      75
   04:15      1             1                                         2                16:15        37           17                                      54
   04:30      5             3                                         8                16:30        44           17                                      61
   04:45      2     8       3    9                                     5      17       16:45        44   172     19    81                                 63   253
   05:00       0            1                                          1               17:00        82           24                                      106
   05:15       1            0                                          1               17:15        61           18                                      79
   05:30      10            2                                         12               17:30        62           22                                      84
   05:45       2    13      3    6                                     5      19       17:45        37   242     16    80                                 53   322
   06:00       1            4                                          5               18:00        72           30                                      102
   06:15       2            5                                         7                18:15        58           21                                      79
   06:30       8            6                                         14               18:30        36           23                                      59
   06:45       7    18      8   23                                    15      41       18:45        26   192     12    86                                 38   278
   07:00       5           14                                         19               19:00        52           11                                      63
   07:15      20           21                                         41               19:15        44           21                                      65
   07:30      17           31                                         48               19:30        23           19                                      42
   07:45      36    78     48   114                                   84     192       19:45        44   163     18    69                                 62   232
   08:00      26           35                                         61               20:00        26           12                                      38
   08:15      18           24                                         42               20:15        16           11                                      27
   08:30      19           26                                         45               20:30        17           14                                      31
   08:45      25    88     32   117                                   57     205       20:45        11    70      7    44                                 18   114
   09:00      26           36                                         62               21:00        19            4                                      23
   09:15      26           18                                         44               21:15        20           12                                      32
   09:30      22           26                                         48               21:30        11           11                                      22
   09:45      24   98      29   109                                   53     207       21:45        18    68     14    41                                 32   109
   10:00      16           23                                         39               22:00        19           13                                      32
   10:15      25           27                                         52               22:15        10           7                                       17
   10:30      37           22                                         59               22:30        23           14                                      37
   10:45      20   98      20   92                                    40     190       22:45        12    64     10    44                                 22   108
   11:00      24           16                                         40               23:00        16           10                                      26
   11:15      24           21                                         45               23:15        16           9                                       25
   11:30      22           27                                         49               23:30        10           5                                       15
   11:45      29   99      28   92                                    57      191      23:45         7    49      9    33                                 16    82
  TOTALS           601          618                                          1219     TOTALS             1634         835                                      2469
  SPLIT%           49.3%        50.7%                                        33.1%    SPLIT%             66.2%        33.8%                                    66.9%
                                                                           DAILY TOTALS
                                                      NB              SB                       EB        WB                                                Total
               DAILYTOTALS                           2,235           1,453                      0         0                                                3,688
AMPeakHour         11:45        07:30                                        11:30 PMPeakHour            16:45        15:15                                    16:45
AMPkVolume          132          138                                          248  PMPkVolume             249          101                                      332
 PkHrFactor        0.767        0.719                                        0.816  PkHrFactor           0.759        0.902                                    0.783
 79Volume           166          231          0               0               397   46Volume              414          161            0              0          575
79PeakHour         07:15        07:30                                        07:30 46PeakHour            16:45        16:45                                    16:45
79PkVolume           99          138           0               0              235 46PkVolume              249           83            0            0            332
 PkHrFactor        0.688        0.719        0.000           0.000           0.699  PkHrFactor           0.759        0.865         0.000        0.000         0.783
