                                                                       PreparedbyNDS/ATD

                                                                        VOLUME
                                                            LexingtonAveE/oSewardSt
       Day: Tuesday                                                                                                        City: LosAngeles
      Date: 2/14/2012                                                                                                 Project#: CA12_5062_003

                                                     NB           SB                    EB          WB                                               Total
               DAILYTOTALS                            0            0                   1,675        917                                              2,592
AMPeriod      NB           SB           EB           WB            TOTAL         PMPeriod      NB           SB            EB           WB            TOTAL
   00:00                                 5            1            6               12:00                                  22           14           36
   00:15                                 1            1            2               12:15                                  28           11           39
   00:30                                 7            2            9               12:30                                  36           14           50
   00:45                                 3   16       0    4       3      20       12:45                                  26   112     14    53     40   165
   01:00                                 4            1            5               13:00                                  28           17           45
   01:15                                 4            1            5               13:15                                  23           18           41
   01:30                                 2            0            2               13:30                                  27           14           41
   01:45                                 3   13      0     2      3       15       13:45                                  28   106     10    59     38   165
   02:00                                 5           0            5                14:00                                  31           15           46
   02:15                                1            1            2                14:15                                  31           12           43
   02:30                                2            2            4                14:30                                  31           13           44
   02:45                                1     9      0     3      1       12       14:45                                  37   130     17    57     54   187
   03:00                                 1            1            2               15:00                                  34           12           46
   03:15                                 0            1            1               15:15                                  46           13           59
   03:30                                 0            1            1               15:30                                  33           11           44
   03:45                                 2    3       1    4       3       7       15:45                                  28   141     18    54     46   195
   04:00                                 1            1            2               16:00                                  31           16           47
   04:15                                 2            1            3               16:15                                  45           16           61
   04:30                                 0           1            1                16:30                                  44            9           53
   04:45                                1     4      0     3       1       7       16:45                                  44   164     13    54     57   218
   05:00                                1            4            5                17:00                                  52           12           64
   05:15                                4            1            5                17:15                                  54           18           72
   05:30                                2            0            2                17:30                                  48           19           67
   05:45                                2     9      3     8      5       17       17:45                                  30   184     20    69     50   253
   06:00                                 2            1            3               18:00                                  49           16           65
   06:15                                 3            0            3               18:15                                  46           16           62
   06:30                                 5            0            5               18:30                                  37           12           49
   06:45                                 7   17       8    9      15      26       18:45                                  42   174     10    54     52   228
   07:00                                 8           10           18               19:00                                  49           16           65
   07:15                                10            8           18               19:15                                  34           11           45
   07:30                                13           22           35               19:30                                  10            9           19
   07:45                                16   47      28    68     44     115       19:45                                  17   110      7    43     24   153
   08:00                                11           15           26               20:00                                  19            6           25
   08:15                                23           23           46               20:15                                  12           11           23
   08:30                                18           11           29               20:30                                  11            9           20
   08:45                                18   70      18    67     36     137       20:45                                  11    53     11    37     22    90
   09:00                                21           24           45               21:00                                  11            9           20
   09:15                                15           19           34               21:15                                   6            2            8
   09:30                                18           17           35               21:30                                   3            4            7
   09:45                                15   69      26    86     41     155       21:45                                  12    32      7    22     19    54
   10:00                                20           19           39               22:00                                   9            3           12
   10:15                                23           15           38               22:15                                   9            3           12
   10:30                                16           19           35               22:30                                   9            8           17
   10:45                                27   86      20    73     47     159       22:45                                   3    30      5    19      8    49
   11:00                                22           10           32               23:00                                   8            1            9
   11:15                                15           17           32               23:15                                   2            2            4
   11:30                                18           12           30               23:30                                   5            6           11
   11:45                                22   77      16   55      38     132       23:45                                   4    19      5   14       9    33
  TOTALS                                     420          382            802      TOTALS                                       1255         535          1790
  SPLIT%                                     52.4%        47.6%          30.9%    SPLIT%                                       70.1%        29.9%        69.1%
                                                                       DAILY TOTALS
                                                     NB           SB                    EB          WB                                               Total
               DAILYTOTALS                            0            0                   1,675        917                                              2,592
AMPeakHour                                   11:45        07:30          11:45 PMPeakHour                                      16:45        17:15        16:45
AMPkVolume                                    108          88             163  PMPkVolume                                       198           73          260
 PkHrFactor                                  0.750        0.786          0.815  PkHrFactor                                     0.917        0.913        0.903
 79Volume           0            0            117          135            252   46Volume             0            0             348          123          471
79PeakHour                                   08:00        07:30          07:30 46PeakHour                                      16:45        17:00        16:45
79PkVolume           0            0            70           88            151 46PkVolume              0            0            198           69          260
 PkHrFactor        0.000        0.000        0.761        0.786          0.821  PkHrFactor          0.000        0.000         0.917        0.863        0.903
