INTERSECTION TURNING MOVEMENT COUNT SUMMARY

CLIENT:                     CRAIN & ASSOCIATES
PROJECT:                    HOLLYWOOD
DATE:                       TUESDAY, APRIL 06, 2010
PERIOD:                     07:00 AM TO 10:00 AM
INTERSECTION:    N/S        WESTERN AVENUE
                E/W         SUNSET BOULEVARD
FILE NUMBER:                 6-AM


  15 MINUTE       1            2          3          4         5            6          7          8          9          10         11      12
   TOTALS       SBRT         SBTH        SBLT       WBRT      WBTH        WBLT        NBRT       NBTH       NBLT       EBRT       EBTH    EBLT


  0700-0715            27          100         22        11        119          10         18         88         29          13     136         16
  0715-0730            49          134         21        19        185          12         22         114        24          17     194         27
  0730-0745            67          166         22        15        204          18         23         84         28          21     201         24
  0745-0800            50          194         31        18        200          21         20         116        34          30     261         29
  0800-0815            63          199         35        24        216          19         22         126        27          32     268         35
  0815-0830            54          188         22        20        205          17         26         112        24          21     240         34
  0830-0845            87          240         20        20        233          22         24         118        24          28     242         38
  0845-0900            56          217         29        16        195          18         20         122        30          24     266         32
  0900-0915            60          182         26        19        189          13         25         100        20          20     227         40
  0915-0930            57          176         23        20        182          19         24         116        30          31     215         37
  0930-0945            63          158         34        21        206          25         26         123        20          31     210         39
  0945-1000            41          158         27        21        184          25         25         137        20          20     211         27


   1 HOUR         1            2          3          4         5            6          7          8          9          10         11      12
   TOTALS       SBRT         SBTH        SBLT       WBRT      WBTH        WBLT        NBRT       NBTH       NBLT       EBRT       EBTH    EBLT       TOTALS


  0700-0800           193          594         96        63        708          61         83         402        115         81     792         96     3284
  0715-0815           229          693        109        76        805          70         87         440        113     100        924     115        3761
  0730-0830           234          747        110        77        825          75         91         438        113     104        970     122        3906
  0745-0845           254          821        108        82        854          79         92         472        109     111       1011     136        4129
  0800-0900           260          844        106        80        849          76         92         478        105     105       1016     139        4150
  0815-0915           257          827         97        75        822          70         95         452        98          93     975     144        4005
  0830-0930           260          815         98        75        799          72         93         456        104     103        950     147        3972
  0845-0945           236          733        112        76        772          75         95         461        100     106        918     148        3832
  0900-1000           221          674        110        81        761          82         100        476        90      102        863     143        3703

   A.M. PEAK HOUR                                                  260          844        106
      0800-0900


                                         139                                                                            80

                                         1016                                                                          849
        SUNSET BOULEVARD
                                         105                                                                            76




                                                                   105          478        92


                                                                         WESTERN AVENUE

   THE TRAFFIC SOLUTION
   329 DIAMOND STREET
   ARCADIA, CALIFORNIA 91006
   626.446.7978
INTERSECTION TURNING MOVEMENT COUNT SUMMARY

CLIENT:                     CRAIN & ASSOCIATES
PROJECT:                    HOLLYWOOD
DATE:                       TUESDAY, APRIL 06, 2010
PERIOD:                     03:00 PM TO 06:00 PM
INTERSECTION:    N/S        WESTERN AVENUE
                E/W         SUNSET BOULEVARD
FILE NUMBER:                 6-PM


  15 MINUTE       1            2          3          4          5            6          7          8          9          10         11      12
   TOTALS       SBRT         SBTH        SBLT       WBRT       WBTH        WBLT        NBRT       NBTH       NBLT       EBRT       EBTH    EBLT


  0300-0315            47          147         28        26         250          28         37         123        33          21     285         67
  0315-0330            56          182         36        30         216          25         24         125        26          20     250         40
  0330-0345            53          139         38        35         212          32         31         122        30          18     303         54
  0345-0400            45          143         28        25         217          38         27         132        26          22     262         62
  0400-0415            48          155         32        33         229          24         30         171        32          20     264         50
  0415-0430            40          160         31        30         243          34         28         157        25          27     288         65
  0430-0445            38          163         34        37         233          29         28         136        24          22     289         75
  0445-0500            42          155         28        27         229          27         26         149        29          18     274         69
  0500-0515            55          178         32        34         255          35         32         164        30          20     285         86
  0515-0530            49          173         35        25         224          25         26         142        31          36     300         82
  0530-0545            41          172         36        24         267          37         24         162        27          20     321         74
  0545-0600            66          174         35        20         245          28         20         137        31          25     299         77


   1 HOUR         1            2          3          4          5            6          7          8          9          10         11      12
   TOTALS       SBRT         SBTH        SBLT       WBRT       WBTH        WBLT        NBRT       NBTH       NBLT       EBRT       EBTH    EBLT       TOTALS


  0300-0400           201          611        130        116        895          123        119        502        115         81    1100     223        4216
  0315-0415           202          619        134        123        874          119        112        550        114         80    1079     206        4212
  0330-0430           186          597        129        123        901          128        116        582        113         87    1117     231        4310
  0345-0445           171          621        125        125        922          125        113        596        107         91    1103     252        4351
  0400-0500           168          633        125        127        934          114        112        613        110         87    1115     259        4397
  0415-0515           175          656        125        128        960          125        114        606        108         87    1136     295        4515
  0430-0530           184          669        129        123        941          116        112        591        114         96    1148     312        4535
  0445-0545           187          678        131        110        975          124        108        617        117         94    1180     311        4632
  0500-0600           211          697        138        103        991          125        102        605        119     101       1205     319        4716

   P.M. PEAK HOUR                                                   211          697        138
      0500-0600


                                         319                                                                            103

                                         1205                                                                           991
        SUNSET BOULEVARD
                                         101                                                                            125




                                                                    119          605        102


                                                                          WESTERN AVENUE

   THE TRAFFIC SOLUTION
   329 DIAMOND STREET
   ARCADIA, CALIFORNIA 91006
   626.446.7978
