WILTEC                                                                                       Phone: (626) 564-1944    Fax: (626) 564-0969
INTERSECTION CAR/PED/BIKE TRAFFIC COUNT RESULTS SUMMARY

CLIENT:                              GIBSON TRANSPORTATION CONSULTING, INC.
PROJECT:                             VAN NUYS TRAFFIC COUNTS
DATE:                                THURSDAY JUNE 7, 2012
PERIOD"                              7:00 AM TO 10:00 AM
INTERSECTION:              N/S       WOODMAN AVENUE
                           E/W       SHERMAN WAY
CITY:                                VAN NUYS

VEHICLE COUNTS
15 MIN COUNTS       1            2        3        4       5      6        7            8      9      10         11        12
PERIOD           SBRT        SBTH      SBLT    WBRT    WBTH    WBLT     NBRT         NBTH   NBLT    EBRT      EBTH       EBLT     TOTAL
700-715            48          163       55       10     165     33       18          112     19      22        264        46       955
715-730            24          326       60       26     233     25       36          135     33      29        303        55      1285
730-745            51          240       46       20     272     28       43          159     23      30        288        55      1255
745-800            45          283       53       37     260     22       44          172     51      30        304        61      1362
800-815            58          203       49       36     237     24       36          173     25      36        290        48      1215
815-830            45          207       47       25     219     29       29          144     26      27        278        40      1116
830-845            39          227       35       29     249     10       26          111     21      32        286        43      1108
845-900            39          251       45       31     231     28       31          141     33      20        250        47      1147
900-915            30          211       38       25     220     28       49          133     22      18        242        56      1072
915-930            20          189       34       27     189     16       29          131     31      25        225        46       962
930-945            25          190       55       42     225     27       33          129     24      21        209        53      1033
945-1000           26          180       39       24     212     28       25          105     28      26        238        44       975
HOUR TOTALS         1            2        3        4       5      6        7            8      9      10         11        12
PERIOD           SBRT        SBTH      SBLT    WBRT    WBTH    WBLT     NBRT         NBTH   NBLT    EBRT      EBTH       EBLT     TOTAL
700-800           168         1012      214       93     930    108      141          578    126     111       1159       217      4857
715-815           178         1052      208      119    1002     99      159          639    132     125       1185       219      5117
730-830           199          933      195      118     988    103      152          648    125     123       1160       204      4948
745-845           187          920      184      127     965     85      135          600    123     125       1158       192      4801
800-900           181          888      176      121     936     91      122          569    105     115       1104       178      4586
815-915           153          896      165      110     919     95      135          529    102      97       1056       186      4443
830-930           128          878      152      112     889     82      135          516    107      95       1003       192      4289
845-945           114          841      172      125     865     99      142          534    110      84        926       202      4214
900-1000          101          770      166      118     846     99      136          498    105      90        914       199      4042

 AM PEAK HOUR:   715-815
                                                                               119

                                       178     1052    208                     1002

                                                                               99



                                         219

SHERMAN WAY                             1185                   132      639         159

                                         125                          WOODMAN AVENUE
WILTEC                                                                                       Phone: (626) 564-1944    Fax: (626) 564-0969
INTERSECTION CAR/PED/BIKE TRAFFIC COUNT RESULTS SUMMARY

CLIENT:                             GIBSON TRANSPORTATION CONSULTING, INC.
PROJECT:                            VAN NUYS TRAFFIC COUNTS
DATE:                               THURSDAY JUNE 7, 2012
PERIOD"                             3:00 PM TO 6:00 PM
INTERSECTION:              N/S      WOODMAN AVENUE
                           E/W      SHERMAN WAY
CITY:                               VAN NUYS

VEHICLE COUNTS
15 MIN COUNTS       1           2        3        4       5      6        7             8      9      10         11        12
PERIOD           SBRT        SBTH     SBLT    WBRT    WBTH    WBLT     NBRT         NBTH    NBLT    EBRT      EBTH       EBLT     TOTAL
300-315            60         190       55       49     203     29       36           198     39      31        269        60      1219
315-330            69         166       50       50     213     40       31           228     43      22        249        49      1210
330-345            46         185       42       51     244     27       39           243     44      17        286        55      1279
345-400            47         197       46       64     256     22       29           230     37      17        298        62      1305
400-415            51         183       46       56     201     34       25           192     28      22        258        66      1162
415-430            57         236       55       45     262     24       31           223     31      31        279        54      1328
430-445            68         202       66       54     311     36       30           248     39      22        243        57      1376
445-500            65         187       41       41     269     38       37           246     34      20        279        53      1310
500-515            58         214       38       47     252     38       32           247     38      33        316        63      1376
515-530            43         190       62       43     301     18       24           268     28      27        340        60      1404
530-545            47         206       47       42     302     35       44           226     30      26        272        70      1347
545-600            23         149       64       48     330     51       26           212     56      32        236        61      1288
HOUR TOTALS         1           2        3        4       5      6        7             8      9      10         11        12
PERIOD           SBRT        SBTH     SBLT    WBRT    WBTH    WBLT     NBRT         NBTH    NBLT    EBRT      EBTH       EBLT     TOTAL
300-400           222         738      193      214     916    118      135           899    163      87       1102       226      5013
315-415           213         731      184      221     914    123      124           893    152      78       1091       232      4956
330-430           201         801      189      216     963    107      124           888    140      87       1121       237      5074
345-445           223         818      213      219    1030    116      115           893    135      92       1078       239      5171
400-500           241         808      208      196    1043    132      123           909    132      95       1059       230      5176
415-515           248         839      200      187    1094    136      130           964    142     106       1117       227      5390
430-530           234         793      207      185    1133    130      123          1009    139     102       1178       233      5466
445-545           213         797      188      173    1124    129      137           987    130     106       1207       246      5437
500-600           171         759      211      180    1185    142      126           953    152     118       1164       254      5415

 PM PEAK HOUR:   430-530
                                                                              185

                                      234     793     207                     1133

                                                                              130



                                        233

SHERMAN WAY                            1178                   139     1009      123

                                        102                          WOODMAN AVENUE
